* Block Type = 96well
* Chemistry = SYBR_GREEN
* Experiment File Name = D:\Applied Biosystems\StepOne Software v2.3\experiments\Lardelli\Karissa\20240112 KB naglu genotyping salbutamol exp 1-3.eds
* Experiment Run End Time = 2024-01-12 07:20:34 AM PST
* Instrument Type = steponeplus
* Passive Reference = 

[Melt Region Temperature Data]
Well	Well Location	Target	Reporter Dye	Reading 1	Reading 2	Reading 3	Reading 4	Reading 5	Reading 6	Reading 7	Reading 8	Reading 9	Reading 10	Reading 11	Reading 12	Reading 13	Reading 14	Reading 15	Reading 16	Reading 17	Reading 18	Reading 19	Reading 20	Reading 21	Reading 22	Reading 23	Reading 24	Reading 25	Reading 26	Reading 27	Reading 28	Reading 29	Reading 30	Reading 31	Reading 32	Reading 33	Reading 34	Reading 35	Reading 36	Reading 37	Reading 38	Reading 39	Reading 40	Reading 41	Reading 42	Reading 43	Reading 44	Reading 45	Reading 46	Reading 47	Reading 48	Reading 49	Reading 50	Reading 51	Reading 52	Reading 53	Reading 54	Reading 55	Reading 56	Reading 57	Reading 58	Reading 59	Reading 60	Reading 61	Reading 62	Reading 63	Reading 64	Reading 65	Reading 66	Reading 67	Reading 68	Reading 69	Reading 70	Reading 71	Reading 72	Reading 73	Reading 74	Reading 75	Reading 76	Reading 77	Reading 78	Reading 79	Reading 80	Reading 81	Reading 82	Reading 83	Reading 84	Reading 85	Reading 86	Reading 87	Reading 88	Reading 89	Reading 90	Reading 91	Reading 92	Reading 93	Reading 94	Reading 95	Reading 96	Reading 97	Reading 98	Reading 99	Reading 100	Reading 101	Reading 102	Reading 103	Reading 104	Reading 105	Reading 106	Reading 107	Reading 108	Reading 109	Reading 110	Reading 111	Reading 112	Reading 113	Reading 114	Reading 115	Reading 116	Reading 117	Reading 118
1	A1	naglu	SYBR	70.007	70.1945	70.3979	70.6036	70.8133	71.0222	71.2306	71.4366	71.6432	71.8549	72.0592	72.2626	72.4703	72.6719	72.8792	73.0845	73.2926	73.4913	73.6948	73.9007	74.1021	74.3032	74.5071	74.7077	74.9136	75.1162	75.3158	75.5192	75.7196	75.9224	76.1238	76.3235	76.529	76.7275	76.939	77.1432	77.3468	77.5518	77.7582	77.9643	78.1689	78.3696	78.5756	78.7836	78.9881	79.1911	79.3969	79.598	79.8071	80.0118	80.2152	80.4212	80.6189	80.8226	81.026	81.2275	81.4361	81.6357	81.8419	82.0464	82.2477	82.4466	82.6486	82.8517	83.0586	83.2633	83.4628	83.6681	83.8727	84.0798	84.2831	84.4899	84.6908	84.8897	85.0953	85.3004	85.5066	85.7169	85.9156	86.1219	86.322	86.5227	86.728	86.9361	87.1477	87.3523	87.5547	87.7531	87.9545	88.1583	88.3631	88.5673	88.7703	88.9697	89.1757	89.3811	89.585	89.7876	89.9879	90.1925	90.3932	90.5997	90.8081	91.0146	91.216	91.424	91.626	91.8279	92.0398	92.2426	92.4473	92.6554	92.8556	93.0627	93.2716	93.4749	93.6852	93.8952
2	A2	naglu	SYBR	70.0264	70.214	70.4174	70.623	70.8328	71.0417	71.25	71.456	71.6626	71.8743	72.0786	72.282	72.4897	72.6913	72.8987	73.104	73.3121	73.5108	73.7143	73.9201	74.1215	74.3226	74.5266	74.7272	74.933	75.1357	75.3352	75.5387	75.739	75.9419	76.1433	76.343	76.5484	76.747	76.9585	77.1627	77.3663	77.5713	77.7777	77.9838	78.1883	78.389	78.595	78.803	79.0075	79.2106	79.4163	79.6174	79.8265	80.0313	80.2347	80.4406	80.6384	80.8421	81.0455	81.247	81.4555	81.6551	81.8614	82.0659	82.2672	82.4661	82.668	82.8711	83.0781	83.2827	83.4822	83.6875	83.8922	84.0992	84.3025	84.5093	84.7103	84.9092	85.1147	85.3198	85.526	85.7364	85.935	86.1414	86.3414	86.5421	86.7474	86.9555	87.1671	87.3718	87.5742	87.7725	87.9739	88.1778	88.3825	88.5867	88.7898	88.9891	89.1951	89.4006	89.6044	89.807	90.0073	90.2119	90.4127	90.6192	90.8275	91.0341	91.2355	91.4435	91.6454	91.8474	92.0593	92.262	92.4668	92.6749	92.875	93.0821	93.291	93.4943	93.7047	93.9147
3	A3	naglu	SYBR	70.034	70.2215	70.4286	70.6328	70.8399	71.0508	71.2621	71.4688	71.672	71.8848	72.0901	72.2929	72.4995	72.703	72.9127	73.1143	73.3222	73.524	73.7269	73.9316	74.1304	74.3345	74.539	74.7442	74.9495	75.1518	75.3511	75.5552	75.7557	75.9573	76.159	76.3577	76.5614	76.7657	76.9725	77.1767	77.3811	77.5892	77.7945	78.0031	78.2042	78.407	78.6152	78.8193	79.0221	79.2271	79.4335	79.6373	79.8451	80.0483	80.2542	80.4621	80.6584	80.8596	81.0646	81.2671	81.4764	81.6758	81.8815	82.0872	82.289	82.4878	82.6901	82.8932	83.1003	83.3046	83.505	83.7078	83.9153	84.1216	84.326	84.5333	84.7355	84.9337	85.137	85.3465	85.5525	85.7613	85.9614	86.1682	86.3698	86.566	86.7735	86.9821	87.1921	87.396	87.5986	87.8007	87.9999	88.2032	88.4092	88.6107	88.8143	89.0163	89.2209	89.4252	89.6312	89.8307	90.0323	90.2377	90.4399	90.6469	90.8548	91.0649	91.2645	91.4705	91.6743	91.8762	92.0853	92.2914	92.495	92.7047	92.905	93.1113	93.321	93.523	93.7383	93.9455
4	A4	naglu	SYBR	70.0529	70.2404	70.4476	70.6517	70.8588	71.0697	71.2811	71.4878	71.6909	71.9037	72.1091	72.3119	72.5185	72.722	72.9316	73.1333	73.3411	73.543	73.7458	73.9506	74.1494	74.3535	74.558	74.7632	74.9685	75.1708	75.37	75.5741	75.7746	75.9762	76.178	76.3767	76.5804	76.7847	76.9914	77.1956	77.4001	77.6082	77.8135	78.022	78.2232	78.4259	78.6342	78.8382	79.0411	79.2461	79.4525	79.6562	79.8641	80.0673	80.2732	80.481	80.6774	80.8785	81.0835	81.286	81.4954	81.6948	81.9005	82.1062	82.308	82.5068	82.7091	82.9121	83.1193	83.3236	83.5239	83.7268	83.9342	84.1405	84.3449	84.5523	84.7544	84.9527	85.156	85.3654	85.5714	85.7802	85.9804	86.1871	86.3887	86.585	86.7924	87.0011	87.2111	87.415	87.6176	87.8196	88.0189	88.2222	88.4282	88.6297	88.8333	89.0352	89.2399	89.4442	89.6502	89.8496	90.0513	90.2567	90.4589	90.6658	90.8737	91.0839	91.2834	91.4894	91.6933	91.8951	92.1042	92.3103	92.514	92.7236	92.9239	93.1302	93.3399	93.542	93.7573	93.9645
5	A5	naglu	SYBR	70.057	70.25	70.455	70.6593	70.8681	71.0787	71.2869	71.4933	71.6991	71.9094	72.1134	72.3182	72.5259	72.7292	72.9388	73.1405	73.3493	73.5483	73.7542	73.9575	74.1593	74.3603	74.5651	74.7688	74.9734	75.1776	75.3758	75.5766	75.7789	75.9814	76.1851	76.3847	76.5888	76.7895	76.9981	77.1981	77.4065	77.6128	77.8209	78.0297	78.2337	78.4317	78.6407	78.8466	79.0501	79.2533	79.4585	79.6602	79.8694	80.0728	80.2782	80.4877	80.6826	80.8851	81.0895	81.2927	81.4983	81.7004	81.9045	82.1129	82.3111	82.5123	82.7144	82.9179	83.1247	83.3311	83.5326	83.7342	83.939	84.1456	84.3507	84.5581	84.7572	84.9596	85.1626	85.3685	85.5755	85.7848	85.9868	86.1911	86.3938	86.5908	86.799	87.0092	87.2178	87.4232	87.6256	87.827	88.0266	88.2304	88.4366	88.6357	88.8411	89.0402	89.2455	89.4505	89.655	89.8568	90.058	90.2634	90.4669	90.6722	90.8823	91.0886	91.2876	91.4934	91.6989	91.9036	92.1109	92.3158	92.5191	92.7267	92.9274	93.1385	93.3409	93.5482	93.7598	93.9682
6	A6	naglu	SYBR	70.0758	70.2688	70.4738	70.6781	70.8869	71.0975	71.3057	71.5121	71.7179	71.9282	72.1322	72.337	72.5447	72.748	72.9576	73.1593	73.3681	73.5671	73.773	73.9763	74.1781	74.3791	74.5839	74.7876	74.9922	75.1964	75.3946	75.5954	75.7977	76.0002	76.2039	76.4035	76.6076	76.8083	77.0169	77.2169	77.4253	77.6316	77.8397	78.0485	78.2525	78.4505	78.6595	78.8654	79.0689	79.2721	79.4773	79.679	79.8882	80.0916	80.297	80.5065	80.7014	80.9039	81.1083	81.3115	81.5171	81.7192	81.9233	82.1317	82.3299	82.5311	82.7332	82.9367	83.1435	83.3499	83.5514	83.753	83.9578	84.1644	84.3695	84.5769	84.776	84.9784	85.1814	85.3873	85.5943	85.8036	86.0056	86.2099	86.4126	86.6096	86.8178	87.028	87.2366	87.442	87.6444	87.8458	88.0454	88.2492	88.4554	88.6545	88.8599	89.059	89.2643	89.4693	89.6738	89.8756	90.0768	90.2822	90.4857	90.691	90.9011	91.1074	91.3064	91.5122	91.7177	91.9224	92.1297	92.3346	92.5379	92.7455	92.9462	93.1573	93.3597	93.567	93.7786	93.987
7	A7	naglu	SYBR	70.0963	70.2874	70.4922	70.6941	70.9056	71.1156	71.323	71.5296	71.7323	71.9415	72.145	72.3526	72.5572	72.7615	72.9714	73.1719	73.3792	73.5777	73.7834	73.9853	74.1858	74.3866	74.5954	74.8014	75.0025	75.2055	75.4022	75.6078	75.8085	76.0086	76.2108	76.4101	76.6123	76.8143	77.0218	77.2261	77.431	77.6366	77.8409	78.0466	78.2513	78.4541	78.6593	78.8671	79.0713	79.2735	79.4789	79.6835	79.8891	80.0928	80.2982	80.5055	80.7028	80.9032	81.1062	81.308	81.5161	81.7164	81.9227	82.1268	82.3312	82.5284	82.7298	82.9323	83.1397	83.3443	83.5461	83.7466	83.9518	84.1557	84.3603	84.5677	84.77	84.9668	85.1762	85.3801	85.5852	85.7941	85.9949	86.1987	86.4014	86.6004	86.806	87.0143	87.2234	87.4294	87.6302	87.8281	88.0303	88.2327	88.4392	88.6392	88.8453	89.044	89.2483	89.4508	89.6574	89.8598	90.0615	90.2631	90.4656	90.6708	90.8795	91.0857	91.2894	91.4942	91.6985	91.8986	92.1088	92.3114	92.5185	92.7245	92.9273	93.1312	93.3374	93.5439	93.7558	93.9625
8	A8	naglu	SYBR	70.1151	70.3062	70.511	70.7129	70.9244	71.1344	71.3418	71.5484	71.7511	71.9603	72.1638	72.3714	72.576	72.7803	72.9902	73.1907	73.398	73.5965	73.8022	74.0041	74.2046	74.4054	74.6142	74.8202	75.0213	75.2243	75.421	75.6266	75.8273	76.0274	76.2296	76.4289	76.6311	76.8331	77.0406	77.2449	77.4498	77.6554	77.8597	78.0654	78.2701	78.4729	78.6781	78.8859	79.0901	79.2923	79.4977	79.7023	79.9079	80.1116	80.317	80.5243	80.7216	80.922	81.125	81.3268	81.5349	81.7352	81.9415	82.1456	82.35	82.5472	82.7486	82.9511	83.1585	83.3631	83.5649	83.7654	83.9706	84.1745	84.3791	84.5865	84.7888	84.9856	85.195	85.3989	85.604	85.8129	86.0137	86.2175	86.4202	86.6192	86.8248	87.0331	87.2422	87.4482	87.649	87.8469	88.0491	88.2515	88.458	88.658	88.8641	89.0628	89.2671	89.4696	89.6762	89.8786	90.0803	90.2819	90.4844	90.6896	90.8983	91.1045	91.3082	91.513	91.7173	91.9174	92.1276	92.3302	92.5373	92.7433	92.9461	93.15	93.3562	93.5627	93.7746	93.9813
9	A9	naglu	SYBR	70.1266	70.3201	70.5265	70.7306	70.9377	71.1506	71.3603	71.5671	71.7701	71.9801	72.1849	72.3895	72.5944	72.8001	73.0093	73.2088	73.4197	73.6182	73.8242	74.0292	74.2305	74.4334	74.637	74.8423	75.0446	75.2492	75.4494	75.6508	75.8484	76.0535	76.2547	76.456	76.6574	76.8599	77.0679	77.2734	77.4753	77.6844	77.8902	78.0974	78.302	78.5037	78.7099	78.916	79.1191	79.3246	79.5285	79.73	79.9397	80.145	80.3482	80.554	80.7533	80.9564	81.1571	81.3623	81.571	81.7725	81.9777	82.181	82.3829	82.5823	82.7858	82.985	83.1947	83.3994	83.5996	83.8016	84.0071	84.2119	84.4171	84.6244	84.827	85.0256	85.2327	85.4366	85.6431	85.8518	86.0551	86.2593	86.462	86.6619	86.8695	87.077	87.2859	87.491	87.6946	87.8918	88.0914	88.2955	88.5058	88.7038	88.9087	89.1077	89.3121	89.5193	89.7233	89.927	90.1267	90.3299	90.5314	90.736	90.9457	91.1513	91.3539	91.5596	91.7644	91.97	92.1782	92.3823	92.5863	92.7949	92.9998	93.2026	93.4128	93.6145	93.8285	94.036
10	A10	naglu	SYBR	70.1455	70.3391	70.5454	70.7495	70.9566	71.1695	71.3792	71.586	71.789	71.999	72.2038	72.4084	72.6133	72.819	73.0282	73.2277	73.4386	73.6371	73.8431	74.0481	74.2495	74.4523	74.6559	74.8612	75.0635	75.2682	75.4683	75.6697	75.8673	76.0724	76.2736	76.4749	76.6763	76.8788	77.0868	77.2924	77.4942	77.7033	77.9091	78.1163	78.3209	78.5226	78.7288	78.9349	79.138	79.3435	79.5474	79.7489	79.9586	80.1639	80.3671	80.5729	80.7722	80.9753	81.176	81.3812	81.59	81.7915	81.9967	82.1999	82.4018	82.6012	82.8047	83.0039	83.2136	83.4184	83.6185	83.8205	84.026	84.2309	84.4361	84.6433	84.8459	85.0445	85.2516	85.4555	85.662	85.8708	86.0741	86.2782	86.4809	86.6808	86.8885	87.0959	87.3048	87.5099	87.7135	87.9107	88.1103	88.3144	88.5247	88.7227	88.9277	89.1266	89.331	89.5382	89.7422	89.9459	90.1456	90.3488	90.5503	90.7549	90.9646	91.1702	91.3728	91.5785	91.7833	91.9889	92.1971	92.4012	92.6052	92.8139	93.0187	93.2215	93.4317	93.6334	93.8475	94.0549
11	A11	naglu	SYBR	70.1518	70.3465	70.5481	70.7546	70.9648	71.173	71.3815	71.5869	71.7922	72.0061	72.2092	72.4139	72.6198	72.8235	73.0307	73.2321	73.4399	73.6387	73.8441	74.0521	74.2537	74.4535	74.659	74.8614	75.0663	75.2699	75.4684	75.6692	75.8721	76.0745	76.2751	76.4734	76.6783	76.8803	77.087	77.2925	77.4948	77.7016	77.9083	78.1146	78.3211	78.5194	78.7262	78.9324	79.1363	79.3389	79.5438	79.7459	79.9587	80.1606	80.3662	80.5721	80.7683	80.9721	81.1732	81.3792	81.5872	81.7848	81.9949	82.1978	82.3989	82.5955	82.7973	83.0004	83.2089	83.4154	83.6159	83.816	84.0222	84.2279	84.4345	84.6393	84.8405	85.0415	85.2468	85.4509	85.6548	85.8649	86.0667	86.2709	86.4747	86.6733	86.8794	87.0866	87.2981	87.5026	87.7052	87.9073	88.1091	88.3099	88.5165	88.7162	88.9205	89.1238	89.3219	89.5276	89.7361	89.9343	90.1363	90.3412	90.5454	90.7507	90.9573	91.1664	91.3681	91.5725	91.7771	91.9797	92.1863	92.3954	92.5963	92.8042	93.0085	93.2145	93.4228	93.6278	93.8368	94.0476
12	A12	naglu	SYBR	70.1712	70.3659	70.5675	70.774	70.9842	71.1924	71.4009	71.6063	71.8116	72.0255	72.2286	72.4333	72.6392	72.8429	73.0501	73.2515	73.4593	73.6581	73.8635	74.0715	74.2731	74.4729	74.6784	74.8808	75.0857	75.2893	75.4878	75.6886	75.8915	76.0939	76.2945	76.4928	76.6977	76.8997	77.1064	77.3119	77.5142	77.721	77.9277	78.134	78.3405	78.5388	78.7456	78.9518	79.1557	79.3583	79.5632	79.7653	79.9781	80.18	80.3856	80.5915	80.7877	80.9915	81.1926	81.3986	81.6066	81.8042	82.0143	82.2172	82.4183	82.6149	82.8167	83.0198	83.2283	83.4348	83.6353	83.8354	84.0416	84.2473	84.4539	84.6587	84.8599	85.0609	85.2662	85.4703	85.6742	85.8843	86.0861	86.2903	86.4941	86.6927	86.8988	87.106	87.3175	87.522	87.7246	87.9268	88.1285	88.3293	88.5359	88.7356	88.9399	89.1432	89.3413	89.547	89.7555	89.9537	90.1557	90.3606	90.5648	90.7701	90.9767	91.1858	91.3875	91.5919	91.7965	91.9991	92.2057	92.4148	92.6157	92.8236	93.0279	93.2339	93.4422	93.6472	93.8562	94.067
13	B1	naglu	SYBR	70.0081	70.1957	70.3991	70.6047	70.8145	71.0234	71.2317	71.4377	71.6443	71.856	72.0603	72.2637	72.4714	72.673	72.8804	73.0857	73.2938	73.4925	73.696	73.9018	74.1032	74.3043	74.5083	74.7089	74.9147	75.1174	75.3169	75.5204	75.7207	75.9236	76.125	76.3247	76.5301	76.7287	76.9402	77.1444	77.348	77.553	77.7594	77.9655	78.17	78.3707	78.5767	78.7847	78.9892	79.1923	79.398	79.5991	79.8082	80.013	80.2164	80.4223	80.6201	80.8238	81.0272	81.2287	81.4372	81.6368	81.8431	82.0476	82.2489	82.4478	82.6497	82.8528	83.0598	83.2644	83.4639	83.6692	83.8739	84.0809	84.2842	84.491	84.692	84.8909	85.0964	85.3015	85.5077	85.7181	85.9167	86.1231	86.3231	86.5238	86.7291	86.9372	87.1488	87.3535	87.5559	87.7542	87.9556	88.1595	88.3642	88.5684	88.7715	88.9708	89.1768	89.3823	89.5861	89.7887	89.989	90.1936	90.3944	90.6009	90.8092	91.0158	91.2172	91.4252	91.6271	91.8291	92.041	92.2437	92.4485	92.6566	92.8567	93.0638	93.2727	93.476	93.6864	93.8964
14	B2	naglu	SYBR	70.0253	70.2129	70.4163	70.6219	70.8317	71.0406	71.2489	71.4549	71.6615	71.8732	72.0775	72.2809	72.4886	72.6902	72.8976	73.1029	73.311	73.5097	73.7132	73.919	74.1204	74.3215	74.5255	74.7261	74.9319	75.1346	75.3341	75.5376	75.7379	75.9408	76.1422	76.3419	76.5473	76.7459	76.9574	77.1616	77.3652	77.5702	77.7766	77.9827	78.1872	78.3879	78.5939	78.8019	79.0064	79.2095	79.4152	79.6163	79.8254	80.0302	80.2336	80.4395	80.6373	80.841	81.0444	81.2459	81.4544	81.654	81.8603	82.0648	82.2661	82.465	82.6669	82.87	83.077	83.2816	83.4811	83.6864	83.8911	84.0981	84.3014	84.5082	84.7092	84.9081	85.1136	85.3187	85.5249	85.7353	85.9339	86.1403	86.3403	86.541	86.7463	86.9544	87.166	87.3707	87.5731	87.7714	87.9728	88.1767	88.3814	88.5856	88.7887	88.988	89.194	89.3995	89.6033	89.8059	90.0062	90.2108	90.4116	90.6181	90.8264	91.033	91.2344	91.4424	91.6443	91.8463	92.0582	92.2609	92.4657	92.6738	92.8739	93.081	93.2899	93.4932	93.7036	93.9136
15	B3	naglu	SYBR	70.0351	70.2226	70.4298	70.6339	70.841	71.0519	71.2633	71.47	71.6731	71.8859	72.0913	72.2941	72.5007	72.7042	72.9138	73.1155	73.3233	73.5252	73.728	73.9328	74.1316	74.3357	74.5402	74.7454	74.9507	75.153	75.3522	75.5563	75.7568	75.9584	76.1602	76.3589	76.5626	76.7669	76.9736	77.1778	77.3823	77.5904	77.7957	78.0042	78.2054	78.4081	78.6164	78.8204	79.0233	79.2283	79.4347	79.6384	79.8463	80.0495	80.2554	80.4632	80.6596	80.8607	81.0657	81.2682	81.4776	81.677	81.8827	82.0884	82.2902	82.489	82.6913	82.8943	83.1015	83.3058	83.5061	83.709	83.9164	84.1227	84.3271	84.5345	84.7366	84.9349	85.1382	85.3476	85.5536	85.7624	85.9626	86.1693	86.3709	86.5672	86.7746	86.9833	87.1933	87.3972	87.5998	87.8018	88.0011	88.2044	88.4104	88.6119	88.8155	89.0174	89.2221	89.4264	89.6324	89.8318	90.0335	90.2389	90.4411	90.648	90.8559	91.0661	91.2656	91.4716	91.6755	91.8773	92.0864	92.2925	92.4962	92.7058	92.9061	93.1124	93.3221	93.5242	93.7395	93.9467
16	B4	naglu	SYBR	70.0518	70.2393	70.4465	70.6506	70.8577	71.0686	71.28	71.4867	71.6898	71.9026	72.108	72.3108	72.5174	72.7209	72.9305	73.1322	73.34	73.5419	73.7447	73.9495	74.1483	74.3524	74.5569	74.7621	74.9674	75.1697	75.3689	75.573	75.7735	75.9751	76.1769	76.3756	76.5793	76.7836	76.9903	77.1945	77.399	77.6071	77.8124	78.0209	78.2221	78.4248	78.6331	78.8371	79.04	79.245	79.4514	79.6551	79.863	80.0662	80.2721	80.4799	80.6763	80.8774	81.0824	81.2849	81.4943	81.6937	81.8994	82.1051	82.3069	82.5057	82.708	82.911	83.1182	83.3225	83.5228	83.7257	83.9331	84.1394	84.3438	84.5512	84.7533	84.9516	85.1549	85.3643	85.5703	85.7791	85.9793	86.186	86.3876	86.5839	86.7913	87	87.21	87.4139	87.6165	87.8185	88.0178	88.2211	88.4271	88.6286	88.8322	89.0341	89.2388	89.4431	89.6491	89.8485	90.0502	90.2556	90.4578	90.6647	90.8726	91.0828	91.2823	91.4883	91.6922	91.894	92.1031	92.3092	92.5129	92.7225	92.9228	93.1291	93.3388	93.5409	93.7562	93.9634
17	B5	naglu	SYBR	70.0581	70.2511	70.4561	70.6604	70.8692	71.0798	71.288	71.4944	71.7002	71.9105	72.1145	72.3193	72.527	72.7303	72.9399	73.1416	73.3504	73.5494	73.7553	73.9586	74.1604	74.3614	74.5662	74.7699	74.9745	75.1787	75.3769	75.5777	75.78	75.9825	76.1862	76.3858	76.5899	76.7906	76.9992	77.1992	77.4076	77.6139	77.822	78.0308	78.2348	78.4328	78.6418	78.8477	79.0512	79.2544	79.4596	79.6613	79.8705	80.0739	80.2793	80.4888	80.6837	80.8862	81.0906	81.2938	81.4994	81.7015	81.9056	82.114	82.3122	82.5134	82.7155	82.919	83.1258	83.3322	83.5337	83.7353	83.9401	84.1467	84.3518	84.5592	84.7583	84.9607	85.1637	85.3696	85.5766	85.7859	85.9879	86.1922	86.3949	86.5919	86.8001	87.0103	87.2189	87.4243	87.6267	87.8281	88.0277	88.2315	88.4377	88.6368	88.8422	89.0413	89.2466	89.4516	89.6561	89.8579	90.0591	90.2645	90.468	90.6733	90.8834	91.0897	91.2887	91.4945	91.7	91.9047	92.112	92.3169	92.5202	92.7278	92.9285	93.1396	93.342	93.5493	93.7609	93.9693
18	B6	naglu	SYBR	70.0747	70.2677	70.4727	70.677	70.8858	71.0964	71.3046	71.511	71.7168	71.9271	72.1311	72.3359	72.5436	72.7469	72.9565	73.1582	73.367	73.566	73.7719	73.9752	74.177	74.378	74.5828	74.7865	74.9911	75.1953	75.3935	75.5943	75.7966	75.9991	76.2028	76.4024	76.6065	76.8072	77.0158	77.2158	77.4242	77.6305	77.8386	78.0474	78.2514	78.4494	78.6584	78.8643	79.0678	79.271	79.4762	79.6779	79.8871	80.0905	80.2959	80.5054	80.7003	80.9028	81.1072	81.3104	81.516	81.7181	81.9222	82.1306	82.3288	82.53	82.7321	82.9356	83.1424	83.3488	83.5503	83.7519	83.9567	84.1633	84.3684	84.5758	84.7749	84.9773	85.1803	85.3862	85.5932	85.8025	86.0045	86.2088	86.4115	86.6085	86.8167	87.0269	87.2355	87.4409	87.6433	87.8447	88.0443	88.2481	88.4543	88.6534	88.8588	89.0579	89.2632	89.4682	89.6727	89.8745	90.0757	90.2811	90.4846	90.6899	90.9	91.1063	91.3053	91.5111	91.7166	91.9213	92.1286	92.3335	92.5368	92.7444	92.9451	93.1562	93.3586	93.5659	93.7775	93.9859
19	B7	naglu	SYBR	70.0974	70.2885	70.4933	70.6952	70.9067	71.1167	71.3241	71.5307	71.7334	71.9426	72.1461	72.3537	72.5583	72.7626	72.9725	73.173	73.3803	73.5788	73.7845	73.9864	74.1869	74.3877	74.5965	74.8025	75.0036	75.2066	75.4033	75.6089	75.8096	76.0097	76.2119	76.4112	76.6134	76.8154	77.0229	77.2272	77.4321	77.6377	77.842	78.0477	78.2524	78.4552	78.6604	78.8682	79.0724	79.2746	79.48	79.6846	79.8902	80.0939	80.2993	80.5066	80.7039	80.9043	81.1073	81.3091	81.5172	81.7175	81.9238	82.1279	82.3323	82.5295	82.7309	82.9334	83.1408	83.3454	83.5472	83.7477	83.9529	84.1568	84.3614	84.5688	84.7711	84.9679	85.1773	85.3812	85.5863	85.7952	85.996	86.1998	86.4025	86.6015	86.8071	87.0154	87.2245	87.4305	87.6313	87.8292	88.0314	88.2338	88.4403	88.6403	88.8464	89.0451	89.2494	89.4519	89.6585	89.8609	90.0626	90.2642	90.4667	90.6719	90.8806	91.0868	91.2905	91.4953	91.6996	91.8997	92.1099	92.3125	92.5196	92.7256	92.9284	93.1323	93.3385	93.545	93.7569	93.9636
20	B8	naglu	SYBR	70.114	70.3051	70.5099	70.7118	70.9233	71.1333	71.3407	71.5473	71.75	71.9592	72.1627	72.3703	72.5749	72.7792	72.9891	73.1896	73.3969	73.5954	73.8011	74.003	74.2035	74.4043	74.6131	74.8191	75.0202	75.2232	75.4199	75.6255	75.8262	76.0263	76.2285	76.4278	76.63	76.832	77.0395	77.2438	77.4487	77.6543	77.8586	78.0643	78.269	78.4718	78.677	78.8848	79.089	79.2912	79.4966	79.7012	79.9068	80.1105	80.3159	80.5232	80.7205	80.9209	81.1239	81.3257	81.5338	81.7341	81.9404	82.1445	82.3489	82.5461	82.7475	82.95	83.1574	83.362	83.5638	83.7643	83.9695	84.1734	84.378	84.5854	84.7877	84.9845	85.1939	85.3978	85.6029	85.8118	86.0126	86.2164	86.4191	86.6181	86.8237	87.032	87.2411	87.4471	87.6479	87.8458	88.048	88.2504	88.4569	88.6569	88.863	89.0617	89.266	89.4685	89.6751	89.8775	90.0792	90.2808	90.4833	90.6885	90.8972	91.1034	91.3071	91.5119	91.7162	91.9163	92.1265	92.3291	92.5362	92.7422	92.945	93.1489	93.3551	93.5616	93.7735	93.9802
21	B9	naglu	SYBR	70.1277	70.3212	70.5276	70.7317	70.9388	71.1517	71.3614	71.5682	71.7712	71.9812	72.186	72.3906	72.5955	72.8012	73.0104	73.2099	73.4208	73.6193	73.8253	74.0303	74.2316	74.4345	74.6381	74.8434	75.0457	75.2503	75.4505	75.6519	75.8495	76.0546	76.2558	76.4571	76.6585	76.861	77.069	77.2745	77.4764	77.6855	77.8913	78.0985	78.3031	78.5048	78.711	78.9171	79.1202	79.3257	79.5296	79.7311	79.9408	80.1461	80.3493	80.5551	80.7544	80.9575	81.1582	81.3634	81.5721	81.7736	81.9788	82.1821	82.384	82.5834	82.7869	82.9861	83.1958	83.4005	83.6007	83.8027	84.0082	84.213	84.4182	84.6255	84.8281	85.0267	85.2338	85.4377	85.6442	85.8529	86.0562	86.2604	86.4631	86.663	86.8706	87.0781	87.287	87.4921	87.6957	87.8929	88.0925	88.2966	88.5069	88.7049	88.9098	89.1088	89.3132	89.5204	89.7244	89.9281	90.1278	90.331	90.5325	90.7371	90.9468	91.1524	91.355	91.5607	91.7655	91.9711	92.1793	92.3834	92.5874	92.796	93.0009	93.2037	93.4139	93.6156	93.8296	94.0371
22	B10	naglu	SYBR	70.1444	70.3379	70.5443	70.7484	70.9555	71.1684	71.3781	71.5849	71.7879	71.9979	72.2027	72.4073	72.6122	72.8179	73.0271	73.2266	73.4375	73.636	73.842	74.047	74.2483	74.4512	74.6548	74.8601	75.0624	75.267	75.4672	75.6686	75.8662	76.0713	76.2725	76.4738	76.6752	76.8777	77.0857	77.2912	77.4931	77.7022	77.908	78.1152	78.3198	78.5215	78.7277	78.9338	79.1369	79.3424	79.5463	79.7478	79.9575	80.1628	80.366	80.5718	80.7711	80.9742	81.1749	81.3801	81.5888	81.7903	81.9955	82.1988	82.4007	82.6001	82.8036	83.0028	83.2125	83.4172	83.6174	83.8194	84.0249	84.2297	84.4349	84.6422	84.8448	85.0434	85.2505	85.4544	85.6609	85.8696	86.0729	86.2771	86.4798	86.6797	86.8873	87.0948	87.3037	87.5088	87.7124	87.9096	88.1092	88.3133	88.5236	88.7216	88.9265	89.1255	89.3299	89.5371	89.7411	89.9448	90.1445	90.3477	90.5492	90.7538	90.9635	91.1691	91.3717	91.5774	91.7822	91.9878	92.196	92.4001	92.6041	92.8127	93.0176	93.2204	93.4306	93.6323	93.8463	94.0538
23	B11	naglu	SYBR	70.1529	70.3476	70.5492	70.7557	70.9659	71.1741	71.3826	71.588	71.7933	72.0072	72.2103	72.415	72.6209	72.8246	73.0318	73.2332	73.441	73.6398	73.8452	74.0532	74.2548	74.4546	74.6601	74.8625	75.0674	75.271	75.4695	75.6703	75.8732	76.0756	76.2762	76.4745	76.6794	76.8814	77.0881	77.2936	77.4959	77.7027	77.9094	78.1157	78.3222	78.5205	78.7273	78.9335	79.1374	79.34	79.5449	79.747	79.9598	80.1617	80.3673	80.5732	80.7694	80.9732	81.1743	81.3803	81.5883	81.7859	81.996	82.1989	82.4	82.5966	82.7984	83.0015	83.21	83.4165	83.617	83.8171	84.0233	84.229	84.4356	84.6404	84.8416	85.0426	85.2479	85.452	85.6559	85.866	86.0678	86.272	86.4758	86.6744	86.8805	87.0877	87.2992	87.5037	87.7063	87.9084	88.1102	88.311	88.5176	88.7173	88.9216	89.1249	89.323	89.5287	89.7372	89.9354	90.1374	90.3423	90.5465	90.7518	90.9584	91.1675	91.3692	91.5736	91.7782	91.9808	92.1874	92.3965	92.5974	92.8053	93.0096	93.2156	93.4239	93.6289	93.8379	94.0487
24	B12	naglu	SYBR	70.1701	70.3648	70.5664	70.7729	70.9831	71.1913	71.3998	71.6052	71.8105	72.0244	72.2275	72.4322	72.6381	72.8418	73.049	73.2504	73.4582	73.657	73.8624	74.0704	74.272	74.4718	74.6773	74.8797	75.0846	75.2882	75.4867	75.6875	75.8904	76.0928	76.2934	76.4917	76.6966	76.8986	77.1053	77.3108	77.5131	77.7199	77.9266	78.1329	78.3394	78.5377	78.7445	78.9507	79.1546	79.3572	79.5621	79.7642	79.977	80.1789	80.3845	80.5904	80.7866	80.9904	81.1915	81.3975	81.6055	81.8031	82.0132	82.2161	82.4172	82.6138	82.8156	83.0187	83.2272	83.4337	83.6342	83.8343	84.0405	84.2462	84.4528	84.6576	84.8588	85.0598	85.2651	85.4692	85.6731	85.8832	86.085	86.2892	86.493	86.6916	86.8977	87.1049	87.3164	87.5209	87.7235	87.9256	88.1274	88.3282	88.5348	88.7345	88.9388	89.1421	89.3402	89.5459	89.7544	89.9526	90.1546	90.3595	90.5637	90.769	90.9756	91.1847	91.3864	91.5908	91.7954	91.998	92.2046	92.4137	92.6146	92.8225	93.0268	93.2328	93.4411	93.6461	93.8551	94.0659
25	C1	naglu	SYBR	70.0087	70.1963	70.3997	70.6053	70.8151	71.024	71.2323	71.4383	71.6449	71.8566	72.0609	72.2643	72.472	72.6736	72.881	73.0863	73.2944	73.4931	73.6966	73.9024	74.1038	74.3049	74.5089	74.7095	74.9153	75.118	75.3175	75.521	75.7213	75.9242	76.1256	76.3253	76.5307	76.7293	76.9408	77.145	77.3486	77.5536	77.76	77.9661	78.1706	78.3713	78.5773	78.7853	78.9898	79.1929	79.3986	79.5997	79.8088	80.0136	80.217	80.4229	80.6207	80.8244	81.0278	81.2293	81.4378	81.6374	81.8437	82.0482	82.2495	82.4484	82.6503	82.8534	83.0604	83.265	83.4645	83.6698	83.8745	84.0815	84.2848	84.4916	84.6926	84.8915	85.097	85.3021	85.5083	85.7187	85.9173	86.1237	86.3237	86.5244	86.7297	86.9378	87.1494	87.3541	87.5565	87.7548	87.9562	88.1601	88.3648	88.569	88.7721	88.9714	89.1774	89.3829	89.5867	89.7893	89.9896	90.1942	90.395	90.6015	90.8098	91.0164	91.2178	91.4258	91.6277	91.8297	92.0416	92.2443	92.4491	92.6572	92.8573	93.0644	93.2733	93.4766	93.687	93.897
26	C2	naglu	SYBR	70.0246	70.2122	70.4156	70.6212	70.831	71.0399	71.2482	71.4542	71.6608	71.8725	72.0768	72.2802	72.4879	72.6895	72.8969	73.1022	73.3103	73.509	73.7125	73.9183	74.1197	74.3208	74.5248	74.7254	74.9312	75.1339	75.3334	75.5369	75.7372	75.9401	76.1415	76.3412	76.5466	76.7452	76.9567	77.1609	77.3645	77.5695	77.7759	77.982	78.1865	78.3872	78.5932	78.8012	79.0057	79.2088	79.4145	79.6156	79.8247	80.0295	80.2329	80.4388	80.6366	80.8403	81.0437	81.2452	81.4537	81.6533	81.8596	82.0641	82.2654	82.4643	82.6662	82.8693	83.0763	83.2809	83.4804	83.6857	83.8904	84.0974	84.3007	84.5075	84.7085	84.9074	85.1129	85.318	85.5242	85.7346	85.9332	86.1396	86.3396	86.5403	86.7456	86.9537	87.1653	87.37	87.5724	87.7707	87.9721	88.176	88.3807	88.5849	88.788	88.9873	89.1933	89.3988	89.6026	89.8052	90.0055	90.2101	90.4109	90.6174	90.8257	91.0323	91.2337	91.4417	91.6436	91.8456	92.0575	92.2602	92.465	92.6731	92.8732	93.0803	93.2892	93.4925	93.7029	93.9129
27	C3	naglu	SYBR	70.0357	70.2232	70.4304	70.6345	70.8416	71.0525	71.2639	71.4706	71.6737	71.8865	72.0919	72.2947	72.5013	72.7048	72.9144	73.1161	73.3239	73.5258	73.7286	73.9334	74.1322	74.3363	74.5408	74.746	74.9513	75.1536	75.3528	75.5569	75.7574	75.959	76.1608	76.3595	76.5632	76.7675	76.9742	77.1784	77.3829	77.591	77.7963	78.0048	78.206	78.4087	78.617	78.821	79.0239	79.2289	79.4353	79.639	79.8469	80.0501	80.256	80.4638	80.6602	80.8613	81.0663	81.2688	81.4782	81.6776	81.8833	82.089	82.2908	82.4896	82.6919	82.8949	83.1021	83.3064	83.5067	83.7096	83.917	84.1233	84.3277	84.5351	84.7372	84.9355	85.1388	85.3482	85.5542	85.763	85.9632	86.1699	86.3715	86.5678	86.7752	86.9839	87.1939	87.3978	87.6004	87.8024	88.0017	88.205	88.411	88.6125	88.8161	89.018	89.2227	89.427	89.633	89.8324	90.0341	90.2395	90.4417	90.6486	90.8565	91.0667	91.2662	91.4722	91.6761	91.8779	92.087	92.2931	92.4968	92.7064	92.9067	93.113	93.3227	93.5248	93.7401	93.9473
28	C4	naglu	SYBR	70.0511	70.2386	70.4458	70.6499	70.857	71.0679	71.2793	71.486	71.6891	71.9019	72.1073	72.3101	72.5167	72.7202	72.9298	73.1315	73.3393	73.5412	73.744	73.9488	74.1476	74.3517	74.5562	74.7614	74.9667	75.169	75.3682	75.5723	75.7728	75.9744	76.1762	76.3749	76.5786	76.7829	76.9896	77.1938	77.3983	77.6064	77.8117	78.0202	78.2214	78.4241	78.6324	78.8364	79.0393	79.2443	79.4507	79.6544	79.8623	80.0655	80.2714	80.4792	80.6756	80.8767	81.0817	81.2842	81.4936	81.693	81.8987	82.1044	82.3062	82.505	82.7073	82.9103	83.1175	83.3218	83.5221	83.725	83.9324	84.1387	84.3431	84.5505	84.7526	84.9509	85.1542	85.3636	85.5696	85.7784	85.9786	86.1853	86.3869	86.5832	86.7906	86.9993	87.2093	87.4132	87.6158	87.8178	88.0171	88.2204	88.4264	88.6279	88.8315	89.0334	89.2381	89.4424	89.6484	89.8478	90.0495	90.2549	90.4571	90.664	90.8719	91.0821	91.2816	91.4876	91.6915	91.8933	92.1024	92.3085	92.5122	92.7218	92.9221	93.1284	93.3381	93.5402	93.7555	93.9627
29	C5	naglu	SYBR	70.0588	70.2518	70.4568	70.6611	70.8699	71.0805	71.2887	71.4951	71.7009	71.9112	72.1152	72.32	72.5277	72.731	72.9406	73.1423	73.3511	73.5501	73.756	73.9593	74.1611	74.3621	74.5669	74.7706	74.9752	75.1794	75.3776	75.5784	75.7807	75.9832	76.1869	76.3865	76.5906	76.7913	76.9999	77.1999	77.4083	77.6146	77.8227	78.0315	78.2355	78.4335	78.6425	78.8484	79.0519	79.2551	79.4603	79.662	79.8712	80.0746	80.28	80.4895	80.6844	80.8869	81.0913	81.2945	81.5001	81.7022	81.9063	82.1147	82.3129	82.5141	82.7162	82.9197	83.1265	83.3329	83.5344	83.736	83.9408	84.1474	84.3525	84.5599	84.759	84.9614	85.1644	85.3703	85.5773	85.7866	85.9886	86.1929	86.3956	86.5926	86.8008	87.011	87.2196	87.425	87.6274	87.8288	88.0284	88.2322	88.4384	88.6375	88.8429	89.042	89.2473	89.4523	89.6568	89.8586	90.0598	90.2652	90.4687	90.674	90.8841	91.0904	91.2894	91.4952	91.7007	91.9054	92.1127	92.3176	92.5209	92.7285	92.9292	93.1403	93.3427	93.55	93.7616	93.97
30	C6	naglu	SYBR	70.074	70.267	70.472	70.6763	70.8851	71.0957	71.3039	71.5103	71.7161	71.9264	72.1304	72.3352	72.5429	72.7462	72.9558	73.1575	73.3663	73.5653	73.7712	73.9745	74.1763	74.3773	74.5821	74.7858	74.9904	75.1946	75.3928	75.5936	75.7959	75.9984	76.2021	76.4017	76.6058	76.8065	77.0151	77.2151	77.4235	77.6298	77.8379	78.0467	78.2507	78.4487	78.6577	78.8636	79.0671	79.2703	79.4755	79.6772	79.8864	80.0898	80.2952	80.5047	80.6996	80.9021	81.1065	81.3097	81.5153	81.7174	81.9215	82.1299	82.3281	82.5293	82.7314	82.9349	83.1417	83.3481	83.5496	83.7512	83.956	84.1626	84.3677	84.5751	84.7742	84.9766	85.1796	85.3855	85.5925	85.8018	86.0038	86.2081	86.4108	86.6078	86.816	87.0262	87.2348	87.4402	87.6426	87.844	88.0436	88.2474	88.4536	88.6527	88.8581	89.0572	89.2625	89.4675	89.672	89.8738	90.075	90.2804	90.4839	90.6892	90.8993	91.1056	91.3046	91.5104	91.7159	91.9206	92.1279	92.3328	92.5361	92.7437	92.9444	93.1555	93.3579	93.5652	93.7768	93.9852
31	C7	naglu	SYBR	70.0981	70.2892	70.494	70.6959	70.9074	71.1174	71.3248	71.5314	71.7341	71.9433	72.1468	72.3544	72.559	72.7633	72.9732	73.1737	73.381	73.5795	73.7852	73.9871	74.1876	74.3884	74.5972	74.8032	75.0043	75.2073	75.404	75.6096	75.8103	76.0104	76.2126	76.4119	76.6141	76.8161	77.0236	77.2279	77.4328	77.6384	77.8427	78.0484	78.2531	78.4559	78.6611	78.8689	79.0731	79.2753	79.4807	79.6853	79.8909	80.0946	80.3	80.5073	80.7046	80.905	81.108	81.3098	81.5179	81.7182	81.9245	82.1286	82.333	82.5302	82.7316	82.9341	83.1415	83.3461	83.5479	83.7484	83.9536	84.1575	84.3621	84.5695	84.7718	84.9686	85.178	85.3819	85.587	85.7959	85.9967	86.2005	86.4032	86.6022	86.8078	87.0161	87.2252	87.4312	87.632	87.8299	88.0321	88.2345	88.441	88.641	88.8471	89.0458	89.2501	89.4526	89.6592	89.8616	90.0633	90.2649	90.4674	90.6726	90.8813	91.0875	91.2912	91.496	91.7003	91.9004	92.1106	92.3132	92.5203	92.7263	92.9291	93.133	93.3392	93.5457	93.7576	93.9643
32	C8	naglu	SYBR	70.1133	70.3044	70.5092	70.7111	70.9226	71.1326	71.34	71.5466	71.7493	71.9585	72.162	72.3696	72.5742	72.7785	72.9884	73.1889	73.3962	73.5947	73.8004	74.0023	74.2028	74.4036	74.6124	74.8184	75.0195	75.2225	75.4192	75.6248	75.8255	76.0256	76.2278	76.4271	76.6293	76.8313	77.0388	77.2431	77.448	77.6536	77.8579	78.0636	78.2683	78.4711	78.6763	78.8841	79.0883	79.2905	79.4959	79.7005	79.9061	80.1098	80.3152	80.5225	80.7198	80.9202	81.1232	81.325	81.5331	81.7334	81.9397	82.1438	82.3482	82.5454	82.7468	82.9493	83.1567	83.3613	83.5631	83.7636	83.9688	84.1727	84.3773	84.5847	84.787	84.9838	85.1932	85.3971	85.6022	85.8111	86.0119	86.2157	86.4184	86.6174	86.823	87.0313	87.2404	87.4464	87.6472	87.8451	88.0473	88.2497	88.4562	88.6562	88.8623	89.061	89.2653	89.4678	89.6744	89.8768	90.0785	90.2801	90.4826	90.6878	90.8965	91.1027	91.3064	91.5112	91.7155	91.9156	92.1258	92.3284	92.5355	92.7415	92.9443	93.1482	93.3544	93.5609	93.7728	93.9795
33	C9	naglu	SYBR	70.1284	70.3219	70.5283	70.7324	70.9395	71.1524	71.3621	71.5689	71.7719	71.9819	72.1867	72.3913	72.5962	72.8019	73.0111	73.2106	73.4215	73.62	73.826	74.031	74.2323	74.4352	74.6388	74.8441	75.0464	75.251	75.4512	75.6526	75.8502	76.0553	76.2565	76.4578	76.6592	76.8617	77.0697	77.2752	77.4771	77.6862	77.892	78.0992	78.3038	78.5055	78.7117	78.9178	79.1209	79.3264	79.5303	79.7318	79.9415	80.1468	80.35	80.5558	80.7551	80.9582	81.1589	81.3641	81.5728	81.7743	81.9795	82.1828	82.3847	82.5841	82.7876	82.9868	83.1965	83.4012	83.6014	83.8034	84.0089	84.2137	84.4189	84.6262	84.8288	85.0274	85.2345	85.4384	85.6449	85.8536	86.0569	86.2611	86.4638	86.6637	86.8713	87.0788	87.2877	87.4928	87.6964	87.8936	88.0932	88.2973	88.5076	88.7056	88.9105	89.1095	89.3139	89.5211	89.7251	89.9288	90.1285	90.3317	90.5332	90.7378	90.9475	91.1531	91.3557	91.5614	91.7662	91.9718	92.18	92.3841	92.5881	92.7967	93.0016	93.2044	93.4146	93.6163	93.8303	94.0378
34	C10	naglu	SYBR	70.1438	70.3373	70.5437	70.7478	70.9549	71.1678	71.3775	71.5843	71.7873	71.9973	72.2021	72.4067	72.6116	72.8173	73.0265	73.226	73.4369	73.6354	73.8414	74.0464	74.2477	74.4506	74.6542	74.8595	75.0618	75.2664	75.4666	75.668	75.8656	76.0707	76.2719	76.4732	76.6746	76.8771	77.0851	77.2906	77.4925	77.7016	77.9074	78.1146	78.3192	78.5209	78.7271	78.9332	79.1363	79.3418	79.5457	79.7472	79.9569	80.1622	80.3654	80.5712	80.7705	80.9736	81.1743	81.3795	81.5882	81.7897	81.9949	82.1982	82.4001	82.5995	82.803	83.0022	83.2119	83.4166	83.6168	83.8188	84.0243	84.2291	84.4343	84.6416	84.8442	85.0428	85.2499	85.4538	85.6603	85.869	86.0723	86.2765	86.4792	86.6791	86.8867	87.0942	87.3031	87.5082	87.7118	87.909	88.1086	88.3127	88.523	88.721	88.9259	89.1249	89.3293	89.5365	89.7405	89.9442	90.1439	90.3471	90.5486	90.7532	90.9629	91.1685	91.3711	91.5768	91.7816	91.9872	92.1954	92.3995	92.6035	92.8121	93.017	93.2198	93.43	93.6317	93.8457	94.0532
35	C11	naglu	SYBR	70.1536	70.3483	70.5499	70.7564	70.9666	71.1748	71.3833	71.5887	71.794	72.0079	72.211	72.4157	72.6216	72.8253	73.0325	73.2339	73.4417	73.6405	73.8459	74.0539	74.2555	74.4553	74.6608	74.8632	75.0681	75.2717	75.4702	75.671	75.8739	76.0763	76.2769	76.4752	76.6801	76.8821	77.0888	77.2943	77.4966	77.7034	77.9101	78.1164	78.3229	78.5212	78.728	78.9342	79.1381	79.3407	79.5456	79.7477	79.9605	80.1624	80.368	80.5739	80.7701	80.9739	81.175	81.381	81.589	81.7866	81.9967	82.1996	82.4007	82.5973	82.7991	83.0022	83.2107	83.4172	83.6177	83.8178	84.024	84.2297	84.4363	84.6411	84.8423	85.0433	85.2486	85.4527	85.6566	85.8667	86.0685	86.2727	86.4765	86.6751	86.8812	87.0884	87.2999	87.5044	87.707	87.9091	88.1109	88.3117	88.5183	88.718	88.9223	89.1256	89.3237	89.5294	89.7379	89.9361	90.1381	90.343	90.5472	90.7525	90.9591	91.1682	91.3699	91.5743	91.7789	91.9815	92.1881	92.3972	92.5981	92.806	93.0103	93.2163	93.4246	93.6296	93.8386	94.0494
36	C12	naglu	SYBR	70.1695	70.3642	70.5658	70.7723	70.9825	71.1907	71.3992	71.6046	71.8099	72.0238	72.2269	72.4316	72.6375	72.8412	73.0484	73.2498	73.4576	73.6564	73.8618	74.0698	74.2714	74.4712	74.6767	74.8791	75.084	75.2876	75.4861	75.6869	75.8898	76.0922	76.2928	76.4911	76.696	76.898	77.1047	77.3102	77.5125	77.7193	77.926	78.1323	78.3388	78.5371	78.7439	78.9501	79.154	79.3566	79.5615	79.7636	79.9764	80.1783	80.3839	80.5898	80.786	80.9898	81.1909	81.3969	81.6049	81.8025	82.0126	82.2155	82.4166	82.6132	82.815	83.0181	83.2266	83.4331	83.6336	83.8337	84.0399	84.2456	84.4522	84.657	84.8582	85.0592	85.2645	85.4686	85.6725	85.8826	86.0844	86.2886	86.4924	86.691	86.8971	87.1043	87.3158	87.5203	87.7229	87.925	88.1268	88.3276	88.5342	88.7339	88.9382	89.1415	89.3396	89.5453	89.7538	89.952	90.154	90.3589	90.5631	90.7684	90.975	91.1841	91.3858	91.5902	91.7948	91.9974	92.204	92.4131	92.614	92.8219	93.0262	93.2322	93.4405	93.6455	93.8545	94.0653
37	D1	naglu	SYBR	70.0094	70.197	70.4004	70.606	70.8158	71.0247	71.233	71.439	71.6456	71.8573	72.0616	72.265	72.4727	72.6743	72.8817	73.087	73.2951	73.4938	73.6973	73.9031	74.1045	74.3056	74.5096	74.7102	74.916	75.1187	75.3182	75.5217	75.722	75.9249	76.1263	76.326	76.5314	76.73	76.9415	77.1457	77.3493	77.5543	77.7607	77.9668	78.1713	78.372	78.578	78.786	78.9905	79.1936	79.3993	79.6004	79.8095	80.0143	80.2177	80.4236	80.6214	80.8251	81.0285	81.23	81.4385	81.6381	81.8444	82.0489	82.2502	82.4491	82.651	82.8541	83.0611	83.2657	83.4652	83.6705	83.8752	84.0822	84.2855	84.4923	84.6933	84.8922	85.0977	85.3028	85.509	85.7194	85.918	86.1244	86.3244	86.5251	86.7304	86.9385	87.1501	87.3548	87.5572	87.7555	87.9569	88.1608	88.3655	88.5697	88.7728	88.9721	89.1781	89.3836	89.5874	89.79	89.9903	90.1949	90.3957	90.6022	90.8105	91.0171	91.2185	91.4265	91.6284	91.8304	92.0423	92.245	92.4498	92.6579	92.858	93.0651	93.274	93.4773	93.6877	93.8977
38	D2	naglu	SYBR	70.024	70.2116	70.415	70.6206	70.8304	71.0393	71.2476	71.4536	71.6602	71.8719	72.0762	72.2796	72.4873	72.6889	72.8963	73.1016	73.3097	73.5084	73.7119	73.9177	74.1191	74.3202	74.5242	74.7248	74.9306	75.1333	75.3328	75.5363	75.7366	75.9395	76.1409	76.3406	76.546	76.7446	76.9561	77.1603	77.3639	77.5689	77.7753	77.9814	78.1859	78.3866	78.5926	78.8006	79.0051	79.2082	79.4139	79.615	79.8241	80.0289	80.2323	80.4382	80.636	80.8397	81.0431	81.2446	81.4531	81.6527	81.859	82.0635	82.2648	82.4637	82.6656	82.8687	83.0757	83.2803	83.4798	83.6851	83.8898	84.0968	84.3001	84.5069	84.7079	84.9068	85.1123	85.3174	85.5236	85.734	85.9326	86.139	86.339	86.5397	86.745	86.9531	87.1647	87.3694	87.5718	87.7701	87.9715	88.1754	88.3801	88.5843	88.7874	88.9867	89.1927	89.3982	89.602	89.8046	90.0049	90.2095	90.4103	90.6168	90.8251	91.0317	91.2331	91.4411	91.643	91.845	92.0569	92.2596	92.4644	92.6725	92.8726	93.0797	93.2886	93.4919	93.7023	93.9123
39	D3	naglu	SYBR	70.0364	70.2239	70.4311	70.6352	70.8423	71.0532	71.2646	71.4713	71.6744	71.8872	72.0926	72.2954	72.502	72.7055	72.9151	73.1168	73.3246	73.5265	73.7293	73.9341	74.1329	74.337	74.5415	74.7467	74.952	75.1543	75.3535	75.5576	75.7581	75.9597	76.1615	76.3602	76.5639	76.7682	76.9749	77.1791	77.3836	77.5917	77.797	78.0055	78.2067	78.4094	78.6177	78.8217	79.0246	79.2296	79.436	79.6397	79.8476	80.0508	80.2567	80.4645	80.6609	80.862	81.067	81.2695	81.4789	81.6783	81.884	82.0897	82.2915	82.4903	82.6926	82.8956	83.1028	83.3071	83.5074	83.7103	83.9177	84.124	84.3284	84.5358	84.7379	84.9362	85.1395	85.3489	85.5549	85.7637	85.9639	86.1706	86.3722	86.5685	86.7759	86.9846	87.1946	87.3985	87.6011	87.8031	88.0024	88.2057	88.4117	88.6132	88.8168	89.0187	89.2234	89.4277	89.6337	89.8331	90.0348	90.2402	90.4424	90.6493	90.8572	91.0674	91.2669	91.4729	91.6768	91.8786	92.0877	92.2938	92.4975	92.7071	92.9074	93.1137	93.3234	93.5255	93.7408	93.948
40	D4	naglu	SYBR	70.0505	70.238	70.4452	70.6493	70.8564	71.0673	71.2787	71.4854	71.6885	71.9013	72.1067	72.3095	72.5161	72.7196	72.9292	73.1309	73.3387	73.5406	73.7434	73.9482	74.147	74.3511	74.5556	74.7608	74.9661	75.1684	75.3676	75.5717	75.7722	75.9738	76.1756	76.3743	76.578	76.7823	76.989	77.1932	77.3977	77.6058	77.8111	78.0196	78.2208	78.4235	78.6318	78.8358	79.0387	79.2437	79.4501	79.6538	79.8617	80.0649	80.2708	80.4786	80.675	80.8761	81.0811	81.2836	81.493	81.6924	81.8981	82.1038	82.3056	82.5044	82.7067	82.9097	83.1169	83.3212	83.5215	83.7244	83.9318	84.1381	84.3425	84.5499	84.752	84.9503	85.1536	85.363	85.569	85.7778	85.978	86.1847	86.3863	86.5826	86.79	86.9987	87.2087	87.4126	87.6152	87.8172	88.0165	88.2198	88.4258	88.6273	88.8309	89.0328	89.2375	89.4418	89.6478	89.8472	90.0489	90.2543	90.4565	90.6634	90.8713	91.0815	91.281	91.487	91.6909	91.8927	92.1018	92.3079	92.5116	92.7212	92.9215	93.1278	93.3375	93.5396	93.7549	93.9621
41	D5	naglu	SYBR	70.0595	70.2525	70.4575	70.6618	70.8706	71.0812	71.2894	71.4958	71.7016	71.9119	72.1159	72.3207	72.5284	72.7317	72.9413	73.143	73.3518	73.5508	73.7567	73.96	74.1618	74.3628	74.5676	74.7713	74.9759	75.1801	75.3783	75.5791	75.7814	75.9839	76.1876	76.3872	76.5913	76.792	77.0006	77.2006	77.409	77.6153	77.8234	78.0322	78.2362	78.4342	78.6432	78.8491	79.0526	79.2558	79.461	79.6627	79.8719	80.0753	80.2807	80.4902	80.6851	80.8876	81.092	81.2952	81.5008	81.7029	81.907	82.1154	82.3136	82.5148	82.7169	82.9204	83.1272	83.3336	83.5351	83.7367	83.9415	84.1481	84.3532	84.5606	84.7597	84.9621	85.1651	85.371	85.578	85.7873	85.9893	86.1936	86.3963	86.5933	86.8015	87.0117	87.2203	87.4257	87.6281	87.8295	88.0291	88.2329	88.4391	88.6382	88.8436	89.0427	89.248	89.453	89.6575	89.8593	90.0605	90.2659	90.4694	90.6747	90.8848	91.0911	91.2901	91.4959	91.7014	91.9061	92.1134	92.3183	92.5216	92.7292	92.9299	93.141	93.3434	93.5507	93.7623	93.9707
42	D6	naglu	SYBR	70.0733	70.2663	70.4713	70.6756	70.8844	71.095	71.3032	71.5096	71.7154	71.9257	72.1297	72.3345	72.5422	72.7455	72.9551	73.1568	73.3656	73.5646	73.7705	73.9738	74.1756	74.3766	74.5814	74.7851	74.9897	75.1939	75.3921	75.5929	75.7952	75.9977	76.2014	76.401	76.6051	76.8058	77.0144	77.2144	77.4228	77.6291	77.8372	78.046	78.25	78.448	78.657	78.8629	79.0664	79.2696	79.4748	79.6765	79.8857	80.0891	80.2945	80.504	80.6989	80.9014	81.1058	81.309	81.5146	81.7167	81.9208	82.1292	82.3274	82.5286	82.7307	82.9342	83.141	83.3474	83.5489	83.7505	83.9553	84.1619	84.367	84.5744	84.7735	84.9759	85.1789	85.3848	85.5918	85.8011	86.0031	86.2074	86.4101	86.6071	86.8153	87.0255	87.2341	87.4395	87.6419	87.8433	88.0429	88.2467	88.4529	88.652	88.8574	89.0565	89.2618	89.4668	89.6713	89.8731	90.0743	90.2797	90.4832	90.6885	90.8986	91.1049	91.3039	91.5097	91.7152	91.9199	92.1272	92.3321	92.5354	92.743	92.9437	93.1548	93.3572	93.5645	93.7761	93.9845
43	D7	naglu	SYBR	70.0988	70.2899	70.4947	70.6966	70.9081	71.1181	71.3255	71.5321	71.7348	71.944	72.1475	72.3551	72.5597	72.764	72.9739	73.1744	73.3817	73.5802	73.7859	73.9878	74.1883	74.3891	74.5979	74.8039	75.005	75.208	75.4047	75.6103	75.811	76.0111	76.2133	76.4126	76.6148	76.8168	77.0243	77.2286	77.4335	77.6391	77.8434	78.0491	78.2538	78.4566	78.6618	78.8696	79.0738	79.276	79.4814	79.686	79.8916	80.0953	80.3007	80.508	80.7053	80.9057	81.1087	81.3105	81.5186	81.7189	81.9252	82.1293	82.3337	82.5309	82.7323	82.9348	83.1422	83.3468	83.5486	83.7491	83.9543	84.1582	84.3628	84.5702	84.7725	84.9693	85.1787	85.3826	85.5877	85.7966	85.9974	86.2012	86.4039	86.6029	86.8085	87.0168	87.2259	87.4319	87.6327	87.8306	88.0328	88.2352	88.4417	88.6417	88.8478	89.0465	89.2508	89.4533	89.6599	89.8623	90.064	90.2656	90.4681	90.6733	90.882	91.0882	91.2919	91.4967	91.701	91.9011	92.1113	92.3139	92.521	92.727	92.9298	93.1337	93.3399	93.5464	93.7583	93.965
44	D8	naglu	SYBR	70.1126	70.3037	70.5085	70.7104	70.9219	71.1319	71.3393	71.5459	71.7486	71.9578	72.1613	72.3689	72.5735	72.7778	72.9877	73.1882	73.3955	73.594	73.7997	74.0016	74.2021	74.4029	74.6117	74.8177	75.0188	75.2218	75.4185	75.6241	75.8248	76.0249	76.2271	76.4264	76.6286	76.8306	77.0381	77.2424	77.4473	77.6529	77.8572	78.0629	78.2676	78.4704	78.6756	78.8834	79.0876	79.2898	79.4952	79.6998	79.9054	80.1091	80.3145	80.5218	80.7191	80.9195	81.1225	81.3243	81.5324	81.7327	81.939	82.1431	82.3475	82.5447	82.7461	82.9486	83.156	83.3606	83.5624	83.7629	83.9681	84.172	84.3766	84.584	84.7863	84.9831	85.1925	85.3964	85.6015	85.8104	86.0112	86.215	86.4177	86.6167	86.8223	87.0306	87.2397	87.4457	87.6465	87.8444	88.0466	88.249	88.4555	88.6555	88.8616	89.0603	89.2646	89.4671	89.6737	89.8761	90.0778	90.2794	90.4819	90.6871	90.8958	91.102	91.3057	91.5105	91.7148	91.9149	92.1251	92.3277	92.5348	92.7408	92.9436	93.1475	93.3537	93.5602	93.7721	93.9788
45	D9	naglu	SYBR	70.129	70.3225	70.5289	70.733	70.9401	71.153	71.3627	71.5695	71.7725	71.9825	72.1873	72.3919	72.5968	72.8025	73.0117	73.2112	73.4221	73.6206	73.8266	74.0316	74.2329	74.4358	74.6394	74.8447	75.047	75.2516	75.4518	75.6532	75.8508	76.0559	76.2571	76.4584	76.6598	76.8623	77.0703	77.2758	77.4777	77.6868	77.8926	78.0998	78.3044	78.5061	78.7123	78.9184	79.1215	79.327	79.5309	79.7324	79.9421	80.1474	80.3506	80.5564	80.7557	80.9588	81.1595	81.3647	81.5734	81.7749	81.9801	82.1834	82.3853	82.5847	82.7882	82.9874	83.1971	83.4018	83.602	83.804	84.0095	84.2143	84.4195	84.6268	84.8294	85.028	85.2351	85.439	85.6455	85.8542	86.0575	86.2617	86.4644	86.6643	86.8719	87.0794	87.2883	87.4934	87.697	87.8942	88.0938	88.2979	88.5082	88.7062	88.9111	89.1101	89.3145	89.5217	89.7257	89.9294	90.1291	90.3323	90.5338	90.7384	90.9481	91.1537	91.3563	91.562	91.7668	91.9724	92.1806	92.3847	92.5887	92.7973	93.0022	93.205	93.4152	93.6169	93.8309	94.0384
46	D10	naglu	SYBR	70.1431	70.3366	70.543	70.7471	70.9542	71.1671	71.3768	71.5836	71.7866	71.9966	72.2014	72.406	72.6109	72.8166	73.0258	73.2253	73.4362	73.6347	73.8407	74.0457	74.247	74.4499	74.6535	74.8588	75.0611	75.2657	75.4659	75.6673	75.8649	76.07	76.2712	76.4725	76.6739	76.8764	77.0844	77.2899	77.4918	77.7009	77.9067	78.1139	78.3185	78.5202	78.7264	78.9325	79.1356	79.3411	79.545	79.7465	79.9562	80.1615	80.3647	80.5705	80.7698	80.9729	81.1736	81.3788	81.5875	81.789	81.9942	82.1975	82.3994	82.5988	82.8023	83.0015	83.2112	83.4159	83.6161	83.8181	84.0236	84.2284	84.4336	84.6409	84.8435	85.0421	85.2492	85.4531	85.6596	85.8683	86.0716	86.2758	86.4785	86.6784	86.886	87.0935	87.3024	87.5075	87.7111	87.9083	88.1079	88.312	88.5223	88.7203	88.9252	89.1242	89.3286	89.5358	89.7398	89.9435	90.1432	90.3464	90.5479	90.7525	90.9622	91.1678	91.3704	91.5761	91.7809	91.9865	92.1947	92.3988	92.6028	92.8114	93.0163	93.2191	93.4293	93.631	93.845	94.0525
47	D11	naglu	SYBR	70.1542	70.3489	70.5505	70.757	70.9672	71.1754	71.3839	71.5893	71.7946	72.0085	72.2116	72.4163	72.6222	72.8259	73.0331	73.2345	73.4423	73.6411	73.8465	74.0545	74.2561	74.4559	74.6614	74.8638	75.0687	75.2723	75.4708	75.6716	75.8745	76.0769	76.2775	76.4758	76.6807	76.8827	77.0894	77.2949	77.4972	77.704	77.9107	78.117	78.3235	78.5218	78.7286	78.9348	79.1387	79.3413	79.5462	79.7483	79.9611	80.163	80.3686	80.5745	80.7707	80.9745	81.1756	81.3816	81.5896	81.7872	81.9973	82.2002	82.4013	82.5979	82.7997	83.0028	83.2113	83.4178	83.6183	83.8184	84.0246	84.2303	84.4369	84.6417	84.8429	85.0439	85.2492	85.4533	85.6572	85.8673	86.0691	86.2733	86.4771	86.6757	86.8818	87.089	87.3005	87.505	87.7076	87.9097	88.1115	88.3123	88.5189	88.7186	88.9229	89.1262	89.3243	89.53	89.7385	89.9367	90.1387	90.3436	90.5478	90.7531	90.9597	91.1688	91.3705	91.5749	91.7795	91.9821	92.1887	92.3978	92.5987	92.8066	93.0109	93.2169	93.4252	93.6302	93.8392	94.05
48	D12	naglu	SYBR	70.1688	70.3635	70.5651	70.7716	70.9818	71.19	71.3985	71.6039	71.8092	72.0231	72.2262	72.4309	72.6368	72.8405	73.0477	73.2491	73.4569	73.6557	73.8611	74.0691	74.2707	74.4705	74.676	74.8784	75.0833	75.2869	75.4854	75.6862	75.8891	76.0915	76.2921	76.4904	76.6953	76.8973	77.104	77.3095	77.5118	77.7186	77.9253	78.1316	78.3381	78.5364	78.7432	78.9494	79.1533	79.3559	79.5608	79.7629	79.9757	80.1776	80.3832	80.5891	80.7853	80.9891	81.1902	81.3962	81.6042	81.8018	82.0119	82.2148	82.4159	82.6125	82.8143	83.0174	83.2259	83.4324	83.6329	83.833	84.0392	84.2449	84.4515	84.6563	84.8575	85.0585	85.2638	85.4679	85.6718	85.8819	86.0837	86.2879	86.4917	86.6903	86.8964	87.1036	87.3151	87.5196	87.7222	87.9243	88.1261	88.3269	88.5335	88.7332	88.9375	89.1408	89.3389	89.5446	89.7531	89.9513	90.1533	90.3582	90.5624	90.7677	90.9743	91.1834	91.3851	91.5895	91.7941	91.9967	92.2033	92.4124	92.6133	92.8212	93.0255	93.2315	93.4398	93.6448	93.8538	94.0646
49	E1	naglu	SYBR	70.01	70.1976	70.401	70.6066	70.8164	71.0253	71.2336	71.4396	71.6462	71.8579	72.0622	72.2656	72.4733	72.6749	72.8823	73.0876	73.2957	73.4944	73.6979	73.9037	74.1051	74.3062	74.5102	74.7108	74.9166	75.1193	75.3188	75.5223	75.7226	75.9255	76.1269	76.3266	76.532	76.7306	76.9421	77.1463	77.3499	77.5549	77.7613	77.9674	78.1719	78.3726	78.5786	78.7866	78.9911	79.1942	79.3999	79.601	79.8101	80.0149	80.2183	80.4242	80.622	80.8257	81.0291	81.2306	81.4391	81.6387	81.845	82.0495	82.2508	82.4497	82.6516	82.8547	83.0617	83.2663	83.4658	83.6711	83.8758	84.0828	84.2861	84.4929	84.6939	84.8928	85.0983	85.3034	85.5096	85.72	85.9186	86.125	86.325	86.5257	86.731	86.9391	87.1507	87.3554	87.5578	87.7561	87.9575	88.1614	88.3661	88.5703	88.7734	88.9727	89.1787	89.3842	89.588	89.7906	89.9909	90.1955	90.3963	90.6028	90.8111	91.0177	91.2191	91.4271	91.629	91.831	92.0429	92.2456	92.4504	92.6585	92.8586	93.0657	93.2746	93.4779	93.6883	93.8983
50	E2	naglu	SYBR	70.0233	70.2109	70.4143	70.6199	70.8297	71.0386	71.2469	71.4529	71.6595	71.8712	72.0755	72.2789	72.4866	72.6882	72.8956	73.1009	73.309	73.5077	73.7112	73.917	74.1184	74.3195	74.5235	74.7241	74.9299	75.1326	75.3321	75.5356	75.7359	75.9388	76.1402	76.3399	76.5453	76.7439	76.9554	77.1596	77.3632	77.5682	77.7746	77.9807	78.1852	78.3859	78.5919	78.7999	79.0044	79.2075	79.4132	79.6143	79.8234	80.0282	80.2316	80.4375	80.6353	80.839	81.0424	81.2439	81.4524	81.652	81.8583	82.0628	82.2641	82.463	82.6649	82.868	83.075	83.2796	83.4791	83.6844	83.8891	84.0961	84.2994	84.5062	84.7072	84.9061	85.1116	85.3167	85.5229	85.7333	85.9319	86.1383	86.3383	86.539	86.7443	86.9524	87.164	87.3687	87.5711	87.7694	87.9708	88.1747	88.3794	88.5836	88.7867	88.986	89.192	89.3975	89.6013	89.8039	90.0042	90.2088	90.4096	90.6161	90.8244	91.031	91.2324	91.4404	91.6423	91.8443	92.0562	92.2589	92.4637	92.6718	92.8719	93.079	93.2879	93.4912	93.7016	93.9116
51	E3	naglu	SYBR	70.037	70.2245	70.4317	70.6358	70.8429	71.0538	71.2652	71.4719	71.675	71.8878	72.0932	72.296	72.5026	72.7061	72.9157	73.1174	73.3252	73.5271	73.7299	73.9347	74.1335	74.3376	74.5421	74.7473	74.9526	75.1549	75.3541	75.5582	75.7587	75.9603	76.1621	76.3608	76.5645	76.7688	76.9755	77.1797	77.3842	77.5923	77.7976	78.0061	78.2073	78.41	78.6183	78.8223	79.0252	79.2302	79.4366	79.6403	79.8482	80.0514	80.2573	80.4651	80.6615	80.8626	81.0676	81.2701	81.4795	81.6789	81.8846	82.0903	82.2921	82.4909	82.6932	82.8962	83.1034	83.3077	83.508	83.7109	83.9183	84.1246	84.329	84.5364	84.7385	84.9368	85.1401	85.3495	85.5555	85.7643	85.9645	86.1712	86.3728	86.5691	86.7765	86.9852	87.1952	87.3991	87.6017	87.8037	88.003	88.2063	88.4123	88.6138	88.8174	89.0193	89.224	89.4283	89.6343	89.8337	90.0354	90.2408	90.443	90.6499	90.8578	91.068	91.2675	91.4735	91.6774	91.8792	92.0883	92.2944	92.4981	92.7077	92.908	93.1143	93.324	93.5261	93.7414	93.9486
52	E4	naglu	SYBR	70.0498	70.2373	70.4445	70.6486	70.8557	71.0666	71.278	71.4847	71.6878	71.9006	72.106	72.3088	72.5154	72.7189	72.9285	73.1302	73.338	73.5399	73.7427	73.9475	74.1463	74.3504	74.5549	74.7601	74.9654	75.1677	75.3669	75.571	75.7715	75.9731	76.1749	76.3736	76.5773	76.7816	76.9883	77.1925	77.397	77.6051	77.8104	78.0189	78.2201	78.4228	78.6311	78.8351	79.038	79.243	79.4494	79.6531	79.861	80.0642	80.2701	80.4779	80.6743	80.8754	81.0804	81.2829	81.4923	81.6917	81.8974	82.1031	82.3049	82.5037	82.706	82.909	83.1162	83.3205	83.5208	83.7237	83.9311	84.1374	84.3418	84.5492	84.7513	84.9496	85.1529	85.3623	85.5683	85.7771	85.9773	86.184	86.3856	86.5819	86.7893	86.998	87.208	87.4119	87.6145	87.8165	88.0158	88.2191	88.4251	88.6266	88.8302	89.0321	89.2368	89.4411	89.6471	89.8465	90.0482	90.2536	90.4558	90.6627	90.8706	91.0808	91.2803	91.4863	91.6902	91.892	92.1011	92.3072	92.5109	92.7205	92.9208	93.1271	93.3368	93.5389	93.7542	93.9614
53	E5	naglu	SYBR	70.0601	70.2531	70.4581	70.6624	70.8712	71.0818	71.29	71.4964	71.7022	71.9125	72.1165	72.3213	72.529	72.7323	72.9419	73.1436	73.3524	73.5514	73.7573	73.9606	74.1624	74.3634	74.5682	74.7719	74.9765	75.1807	75.3789	75.5797	75.782	75.9845	76.1882	76.3878	76.5919	76.7926	77.0012	77.2012	77.4096	77.6159	77.824	78.0328	78.2368	78.4348	78.6438	78.8497	79.0532	79.2564	79.4616	79.6633	79.8725	80.0759	80.2813	80.4908	80.6857	80.8882	81.0926	81.2958	81.5014	81.7035	81.9076	82.116	82.3142	82.5154	82.7175	82.921	83.1278	83.3342	83.5357	83.7373	83.9421	84.1487	84.3538	84.5612	84.7603	84.9627	85.1657	85.3716	85.5786	85.7879	85.9899	86.1942	86.3969	86.5939	86.8021	87.0123	87.2209	87.4263	87.6287	87.8301	88.0297	88.2335	88.4397	88.6388	88.8442	89.0433	89.2486	89.4536	89.6581	89.8599	90.0611	90.2665	90.47	90.6753	90.8854	91.0917	91.2907	91.4965	91.702	91.9067	92.114	92.3189	92.5222	92.7298	92.9305	93.1416	93.344	93.5513	93.7629	93.9713
54	E6	naglu	SYBR	70.0727	70.2657	70.4707	70.675	70.8838	71.0944	71.3026	71.509	71.7148	71.9251	72.1291	72.3339	72.5416	72.7449	72.9545	73.1562	73.365	73.564	73.7699	73.9732	74.175	74.376	74.5808	74.7845	74.9891	75.1933	75.3915	75.5923	75.7946	75.9971	76.2008	76.4004	76.6045	76.8052	77.0138	77.2138	77.4222	77.6285	77.8366	78.0454	78.2494	78.4474	78.6564	78.8623	79.0658	79.269	79.4742	79.6759	79.8851	80.0885	80.2939	80.5034	80.6983	80.9008	81.1052	81.3084	81.514	81.7161	81.9202	82.1286	82.3268	82.528	82.7301	82.9336	83.1404	83.3468	83.5483	83.7499	83.9547	84.1613	84.3664	84.5738	84.7729	84.9753	85.1783	85.3842	85.5912	85.8005	86.0025	86.2068	86.4095	86.6065	86.8147	87.0249	87.2335	87.4389	87.6413	87.8427	88.0423	88.2461	88.4523	88.6514	88.8568	89.0559	89.2612	89.4662	89.6707	89.8725	90.0737	90.2791	90.4826	90.6879	90.898	91.1043	91.3033	91.5091	91.7146	91.9193	92.1266	92.3315	92.5348	92.7424	92.9431	93.1542	93.3566	93.5639	93.7755	93.9839
55	E7	naglu	SYBR	70.0994	70.2905	70.4953	70.6972	70.9087	71.1187	71.3261	71.5327	71.7354	71.9446	72.1481	72.3557	72.5603	72.7646	72.9745	73.175	73.3823	73.5808	73.7865	73.9884	74.1889	74.3897	74.5985	74.8045	75.0056	75.2086	75.4053	75.6109	75.8116	76.0117	76.2139	76.4132	76.6154	76.8174	77.0249	77.2292	77.4341	77.6397	77.844	78.0497	78.2544	78.4572	78.6624	78.8702	79.0744	79.2766	79.482	79.6866	79.8922	80.0959	80.3013	80.5086	80.7059	80.9063	81.1093	81.3111	81.5192	81.7195	81.9258	82.1299	82.3343	82.5315	82.7329	82.9354	83.1428	83.3474	83.5492	83.7497	83.9549	84.1588	84.3634	84.5708	84.7731	84.9699	85.1793	85.3832	85.5883	85.7972	85.998	86.2018	86.4045	86.6035	86.8091	87.0174	87.2265	87.4325	87.6333	87.8312	88.0334	88.2358	88.4423	88.6423	88.8484	89.0471	89.2514	89.4539	89.6605	89.8629	90.0646	90.2662	90.4687	90.6739	90.8826	91.0888	91.2925	91.4973	91.7016	91.9017	92.1119	92.3145	92.5216	92.7276	92.9304	93.1343	93.3405	93.547	93.7589	93.9656
56	E8	naglu	SYBR	70.112	70.3031	70.5079	70.7098	70.9213	71.1313	71.3387	71.5453	71.748	71.9572	72.1607	72.3683	72.5729	72.7772	72.9871	73.1876	73.3949	73.5934	73.7991	74.001	74.2015	74.4023	74.6111	74.8171	75.0182	75.2212	75.4179	75.6235	75.8242	76.0243	76.2265	76.4258	76.628	76.83	77.0375	77.2418	77.4467	77.6523	77.8566	78.0623	78.267	78.4698	78.675	78.8828	79.087	79.2892	79.4946	79.6992	79.9048	80.1085	80.3139	80.5212	80.7185	80.9189	81.1219	81.3237	81.5318	81.7321	81.9384	82.1425	82.3469	82.5441	82.7455	82.948	83.1554	83.36	83.5618	83.7623	83.9675	84.1714	84.376	84.5834	84.7857	84.9825	85.1919	85.3958	85.6009	85.8098	86.0106	86.2144	86.4171	86.6161	86.8217	87.03	87.2391	87.4451	87.6459	87.8438	88.046	88.2484	88.4549	88.6549	88.861	89.0597	89.264	89.4665	89.6731	89.8755	90.0772	90.2788	90.4813	90.6865	90.8952	91.1014	91.3051	91.5099	91.7142	91.9143	92.1245	92.3271	92.5342	92.7402	92.943	93.1469	93.3531	93.5596	93.7715	93.9782
57	E9	naglu	SYBR	70.1297	70.3232	70.5296	70.7337	70.9408	71.1537	71.3634	71.5702	71.7732	71.9832	72.188	72.3926	72.5975	72.8032	73.0124	73.2119	73.4228	73.6213	73.8273	74.0323	74.2336	74.4365	74.6401	74.8454	75.0477	75.2523	75.4525	75.6539	75.8515	76.0566	76.2578	76.4591	76.6605	76.863	77.071	77.2765	77.4784	77.6875	77.8933	78.1005	78.3051	78.5068	78.713	78.9191	79.1222	79.3277	79.5316	79.7331	79.9428	80.1481	80.3513	80.5571	80.7564	80.9595	81.1602	81.3654	81.5741	81.7756	81.9808	82.1841	82.386	82.5854	82.7889	82.9881	83.1978	83.4025	83.6027	83.8047	84.0102	84.215	84.4202	84.6275	84.8301	85.0287	85.2358	85.4397	85.6462	85.8549	86.0582	86.2624	86.4651	86.665	86.8726	87.0801	87.289	87.4941	87.6977	87.8949	88.0945	88.2986	88.5089	88.7069	88.9118	89.1108	89.3152	89.5224	89.7264	89.9301	90.1298	90.333	90.5345	90.7391	90.9488	91.1544	91.357	91.5627	91.7675	91.9731	92.1813	92.3854	92.5894	92.798	93.0029	93.2057	93.4159	93.6176	93.8316	94.0391
58	E10	naglu	SYBR	70.1425	70.336	70.5424	70.7465	70.9536	71.1665	71.3762	71.583	71.786	71.996	72.2008	72.4054	72.6103	72.816	73.0252	73.2247	73.4356	73.6341	73.8401	74.0451	74.2464	74.4493	74.6529	74.8582	75.0605	75.2651	75.4653	75.6667	75.8643	76.0694	76.2706	76.4719	76.6733	76.8758	77.0838	77.2893	77.4912	77.7003	77.9061	78.1133	78.3179	78.5196	78.7258	78.9319	79.135	79.3405	79.5444	79.7459	79.9556	80.1609	80.3641	80.5699	80.7692	80.9723	81.173	81.3782	81.5869	81.7884	81.9936	82.1969	82.3988	82.5982	82.8017	83.0009	83.2106	83.4153	83.6155	83.8175	84.023	84.2278	84.433	84.6403	84.8429	85.0415	85.2486	85.4525	85.659	85.8677	86.071	86.2752	86.4779	86.6778	86.8854	87.0929	87.3018	87.5069	87.7105	87.9077	88.1073	88.3114	88.5217	88.7197	88.9246	89.1236	89.328	89.5352	89.7392	89.9429	90.1426	90.3458	90.5473	90.7519	90.9616	91.1672	91.3698	91.5755	91.7803	91.9859	92.1941	92.3982	92.6022	92.8108	93.0157	93.2185	93.4287	93.6304	93.8444	94.0519
59	E11	naglu	SYBR	70.1549	70.3496	70.5512	70.7577	70.9679	71.1761	71.3846	71.59	71.7953	72.0092	72.2123	72.417	72.6229	72.8266	73.0338	73.2352	73.443	73.6418	73.8472	74.0552	74.2568	74.4566	74.6621	74.8645	75.0694	75.273	75.4715	75.6723	75.8752	76.0776	76.2782	76.4765	76.6814	76.8834	77.0901	77.2956	77.4979	77.7047	77.9114	78.1177	78.3242	78.5225	78.7293	78.9355	79.1394	79.342	79.5469	79.749	79.9618	80.1637	80.3693	80.5752	80.7714	80.9752	81.1763	81.3823	81.5903	81.7879	81.998	82.2009	82.402	82.5986	82.8004	83.0035	83.212	83.4185	83.619	83.8191	84.0253	84.231	84.4376	84.6424	84.8436	85.0446	85.2499	85.454	85.6579	85.868	86.0698	86.274	86.4778	86.6764	86.8825	87.0897	87.3012	87.5057	87.7083	87.9104	88.1122	88.313	88.5196	88.7193	88.9236	89.1269	89.325	89.5307	89.7392	89.9374	90.1394	90.3443	90.5485	90.7538	90.9604	91.1695	91.3712	91.5756	91.7802	91.9828	92.1894	92.3985	92.5994	92.8073	93.0116	93.2176	93.4259	93.6309	93.8399	94.0507
60	E12	naglu	SYBR	70.1682	70.3629	70.5645	70.771	70.9812	71.1894	71.3979	71.6033	71.8086	72.0225	72.2256	72.4303	72.6362	72.8399	73.0471	73.2485	73.4563	73.6551	73.8605	74.0685	74.2701	74.4699	74.6754	74.8778	75.0827	75.2863	75.4848	75.6856	75.8885	76.0909	76.2915	76.4898	76.6947	76.8967	77.1034	77.3089	77.5112	77.718	77.9247	78.131	78.3375	78.5358	78.7426	78.9488	79.1527	79.3553	79.5602	79.7623	79.9751	80.177	80.3826	80.5885	80.7847	80.9885	81.1896	81.3956	81.6036	81.8012	82.0113	82.2142	82.4153	82.6119	82.8137	83.0168	83.2253	83.4318	83.6323	83.8324	84.0386	84.2443	84.4509	84.6557	84.8569	85.0579	85.2632	85.4673	85.6712	85.8813	86.0831	86.2873	86.4911	86.6897	86.8958	87.103	87.3145	87.519	87.7216	87.9237	88.1255	88.3263	88.5329	88.7326	88.9369	89.1402	89.3383	89.544	89.7525	89.9507	90.1527	90.3576	90.5618	90.7671	90.9737	91.1828	91.3845	91.5889	91.7935	91.9961	92.2027	92.4118	92.6127	92.8206	93.0249	93.2309	93.4392	93.6442	93.8532	94.064
61	F1	naglu	SYBR	70.0107	70.1983	70.4017	70.6073	70.8171	71.026	71.2343	71.4403	71.6469	71.8586	72.0629	72.2663	72.474	72.6756	72.883	73.0883	73.2964	73.4951	73.6986	73.9044	74.1058	74.3069	74.5109	74.7115	74.9173	75.12	75.3195	75.523	75.7233	75.9262	76.1276	76.3273	76.5327	76.7313	76.9428	77.147	77.3506	77.5556	77.762	77.9681	78.1726	78.3733	78.5793	78.7873	78.9918	79.1949	79.4006	79.6017	79.8108	80.0156	80.219	80.4249	80.6227	80.8264	81.0298	81.2313	81.4398	81.6394	81.8457	82.0502	82.2515	82.4504	82.6523	82.8554	83.0624	83.267	83.4665	83.6718	83.8765	84.0835	84.2868	84.4936	84.6946	84.8935	85.099	85.3041	85.5103	85.7207	85.9193	86.1257	86.3257	86.5264	86.7317	86.9398	87.1514	87.3561	87.5585	87.7568	87.9582	88.1621	88.3668	88.571	88.7741	88.9734	89.1794	89.3849	89.5887	89.7913	89.9916	90.1962	90.397	90.6035	90.8118	91.0184	91.2198	91.4278	91.6297	91.8317	92.0436	92.2463	92.4511	92.6592	92.8593	93.0664	93.2753	93.4786	93.689	93.899
62	F2	naglu	SYBR	70.0227	70.2103	70.4137	70.6193	70.8291	71.038	71.2463	71.4523	71.6589	71.8706	72.0749	72.2783	72.486	72.6876	72.895	73.1003	73.3084	73.5071	73.7106	73.9164	74.1178	74.3189	74.5229	74.7235	74.9293	75.132	75.3315	75.535	75.7353	75.9382	76.1396	76.3393	76.5447	76.7433	76.9548	77.159	77.3626	77.5676	77.774	77.9801	78.1846	78.3853	78.5913	78.7993	79.0038	79.2069	79.4126	79.6137	79.8228	80.0276	80.231	80.4369	80.6347	80.8384	81.0418	81.2433	81.4518	81.6514	81.8577	82.0622	82.2635	82.4624	82.6643	82.8674	83.0744	83.279	83.4785	83.6838	83.8885	84.0955	84.2988	84.5056	84.7066	84.9055	85.111	85.3161	85.5223	85.7327	85.9313	86.1377	86.3377	86.5384	86.7437	86.9518	87.1634	87.3681	87.5705	87.7688	87.9702	88.1741	88.3788	88.583	88.7861	88.9854	89.1914	89.3969	89.6007	89.8033	90.0036	90.2082	90.409	90.6155	90.8238	91.0304	91.2318	91.4398	91.6417	91.8437	92.0556	92.2583	92.4631	92.6712	92.8713	93.0784	93.2873	93.4906	93.701	93.911
63	F3	naglu	SYBR	70.0377	70.2252	70.4324	70.6365	70.8436	71.0545	71.2659	71.4726	71.6757	71.8885	72.0939	72.2967	72.5033	72.7068	72.9164	73.1181	73.3259	73.5278	73.7306	73.9354	74.1342	74.3383	74.5428	74.748	74.9533	75.1556	75.3548	75.5589	75.7594	75.961	76.1628	76.3615	76.5652	76.7695	76.9762	77.1804	77.3849	77.593	77.7983	78.0068	78.208	78.4107	78.619	78.823	79.0259	79.2309	79.4373	79.641	79.8489	80.0521	80.258	80.4658	80.6622	80.8633	81.0683	81.2708	81.4802	81.6796	81.8853	82.091	82.2928	82.4916	82.6939	82.8969	83.1041	83.3084	83.5087	83.7116	83.919	84.1253	84.3297	84.5371	84.7392	84.9375	85.1408	85.3502	85.5562	85.765	85.9652	86.1719	86.3735	86.5698	86.7772	86.9859	87.1959	87.3998	87.6024	87.8044	88.0037	88.207	88.413	88.6145	88.8181	89.02	89.2247	89.429	89.635	89.8344	90.0361	90.2415	90.4437	90.6506	90.8585	91.0687	91.2682	91.4742	91.6781	91.8799	92.089	92.2951	92.4988	92.7084	92.9087	93.115	93.3247	93.5268	93.7421	93.9493
64	F4	naglu	SYBR	70.0491	70.2366	70.4438	70.6479	70.855	71.0659	71.2773	71.484	71.6871	71.8999	72.1053	72.3081	72.5147	72.7182	72.9278	73.1295	73.3373	73.5392	73.742	73.9468	74.1456	74.3497	74.5542	74.7594	74.9647	75.167	75.3662	75.5703	75.7708	75.9724	76.1742	76.3729	76.5766	76.7809	76.9876	77.1918	77.3963	77.6044	77.8097	78.0182	78.2194	78.4221	78.6304	78.8344	79.0373	79.2423	79.4487	79.6524	79.8603	80.0635	80.2694	80.4772	80.6736	80.8747	81.0797	81.2822	81.4916	81.691	81.8967	82.1024	82.3042	82.503	82.7053	82.9083	83.1155	83.3198	83.5201	83.723	83.9304	84.1367	84.3411	84.5485	84.7506	84.9489	85.1522	85.3616	85.5676	85.7764	85.9766	86.1833	86.3849	86.5812	86.7886	86.9973	87.2073	87.4112	87.6138	87.8158	88.0151	88.2184	88.4244	88.6259	88.8295	89.0314	89.2361	89.4404	89.6464	89.8458	90.0475	90.2529	90.4551	90.662	90.8699	91.0801	91.2796	91.4856	91.6895	91.8913	92.1004	92.3065	92.5102	92.7198	92.9201	93.1264	93.3361	93.5382	93.7535	93.9607
65	F5	naglu	SYBR	70.0608	70.2538	70.4588	70.6631	70.8719	71.0825	71.2907	71.4971	71.7029	71.9132	72.1172	72.322	72.5297	72.733	72.9426	73.1443	73.3531	73.5521	73.758	73.9613	74.1631	74.3641	74.5689	74.7726	74.9772	75.1814	75.3796	75.5804	75.7827	75.9852	76.1889	76.3885	76.5926	76.7933	77.0019	77.2019	77.4103	77.6166	77.8247	78.0335	78.2375	78.4355	78.6445	78.8504	79.0539	79.2571	79.4623	79.664	79.8732	80.0766	80.282	80.4915	80.6864	80.8889	81.0933	81.2965	81.5021	81.7042	81.9083	82.1167	82.3149	82.5161	82.7182	82.9217	83.1285	83.3349	83.5364	83.738	83.9428	84.1494	84.3545	84.5619	84.761	84.9634	85.1664	85.3723	85.5793	85.7886	85.9906	86.1949	86.3976	86.5946	86.8028	87.013	87.2216	87.427	87.6294	87.8308	88.0304	88.2342	88.4404	88.6395	88.8449	89.044	89.2493	89.4543	89.6588	89.8606	90.0618	90.2672	90.4707	90.676	90.8861	91.0924	91.2914	91.4972	91.7027	91.9074	92.1147	92.3196	92.5229	92.7305	92.9312	93.1423	93.3447	93.552	93.7636	93.972
66	F6	naglu	SYBR	70.072	70.265	70.47	70.6743	70.8831	71.0937	71.3019	71.5083	71.7141	71.9244	72.1284	72.3332	72.5409	72.7442	72.9538	73.1555	73.3643	73.5633	73.7692	73.9725	74.1743	74.3753	74.5801	74.7838	74.9884	75.1926	75.3908	75.5916	75.7939	75.9964	76.2001	76.3997	76.6038	76.8045	77.0131	77.2131	77.4215	77.6278	77.8359	78.0447	78.2487	78.4467	78.6557	78.8616	79.0651	79.2683	79.4735	79.6752	79.8844	80.0878	80.2932	80.5027	80.6976	80.9001	81.1045	81.3077	81.5133	81.7154	81.9195	82.1279	82.3261	82.5273	82.7294	82.9329	83.1397	83.3461	83.5476	83.7492	83.954	84.1606	84.3657	84.5731	84.7722	84.9746	85.1776	85.3835	85.5905	85.7998	86.0018	86.2061	86.4088	86.6058	86.814	87.0242	87.2328	87.4382	87.6406	87.842	88.0416	88.2454	88.4516	88.6507	88.8561	89.0552	89.2605	89.4655	89.67	89.8718	90.073	90.2784	90.4819	90.6872	90.8973	91.1036	91.3026	91.5084	91.7139	91.9186	92.1259	92.3308	92.5341	92.7417	92.9424	93.1535	93.3559	93.5632	93.7748	93.9832
67	F7	naglu	SYBR	70.1001	70.2912	70.496	70.6979	70.9094	71.1194	71.3268	71.5334	71.7361	71.9453	72.1488	72.3564	72.561	72.7653	72.9752	73.1757	73.383	73.5815	73.7872	73.9891	74.1896	74.3904	74.5992	74.8052	75.0063	75.2093	75.406	75.6116	75.8123	76.0124	76.2146	76.4139	76.6161	76.8181	77.0256	77.2299	77.4348	77.6404	77.8447	78.0504	78.2551	78.4579	78.6631	78.8709	79.0751	79.2773	79.4827	79.6873	79.8929	80.0966	80.302	80.5093	80.7066	80.907	81.11	81.3118	81.5199	81.7202	81.9265	82.1306	82.335	82.5322	82.7336	82.9361	83.1435	83.3481	83.5499	83.7504	83.9556	84.1595	84.3641	84.5715	84.7738	84.9706	85.18	85.3839	85.589	85.7979	85.9987	86.2025	86.4052	86.6042	86.8098	87.0181	87.2272	87.4332	87.634	87.8319	88.0341	88.2365	88.443	88.643	88.8491	89.0478	89.2521	89.4546	89.6612	89.8636	90.0653	90.2669	90.4694	90.6746	90.8833	91.0895	91.2932	91.498	91.7023	91.9024	92.1126	92.3152	92.5223	92.7283	92.9311	93.135	93.3412	93.5477	93.7596	93.9663
68	F8	naglu	SYBR	70.1113	70.3024	70.5072	70.7091	70.9206	71.1306	71.338	71.5446	71.7473	71.9565	72.16	72.3676	72.5722	72.7765	72.9864	73.1869	73.3942	73.5927	73.7984	74.0003	74.2008	74.4016	74.6104	74.8164	75.0175	75.2205	75.4172	75.6228	75.8235	76.0236	76.2258	76.4251	76.6273	76.8293	77.0368	77.2411	77.446	77.6516	77.8559	78.0616	78.2663	78.4691	78.6743	78.8821	79.0863	79.2885	79.4939	79.6985	79.9041	80.1078	80.3132	80.5205	80.7178	80.9182	81.1212	81.323	81.5311	81.7314	81.9377	82.1418	82.3462	82.5434	82.7448	82.9473	83.1547	83.3593	83.5611	83.7616	83.9668	84.1707	84.3753	84.5827	84.785	84.9818	85.1912	85.3951	85.6002	85.8091	86.0099	86.2137	86.4164	86.6154	86.821	87.0293	87.2384	87.4444	87.6452	87.8431	88.0453	88.2477	88.4542	88.6542	88.8603	89.059	89.2633	89.4658	89.6724	89.8748	90.0765	90.2781	90.4806	90.6858	90.8945	91.1007	91.3044	91.5092	91.7135	91.9136	92.1238	92.3264	92.5335	92.7395	92.9423	93.1462	93.3524	93.5589	93.7708	93.9775
69	F9	naglu	SYBR	70.1304	70.3239	70.5303	70.7344	70.9415	71.1544	71.3641	71.5709	71.7739	71.9839	72.1887	72.3933	72.5982	72.8039	73.0131	73.2126	73.4235	73.622	73.828	74.033	74.2343	74.4372	74.6408	74.8461	75.0484	75.253	75.4532	75.6546	75.8521	76.0573	76.2585	76.4598	76.6612	76.8637	77.0717	77.2772	77.4791	77.6882	77.894	78.1012	78.3058	78.5075	78.7137	78.9198	79.1229	79.3284	79.5323	79.7338	79.9435	80.1488	80.352	80.5578	80.7571	80.9602	81.1609	81.3661	81.5748	81.7763	81.9815	82.1848	82.3867	82.5861	82.7896	82.9888	83.1985	83.4032	83.6034	83.8054	84.0109	84.2157	84.4209	84.6282	84.8308	85.0294	85.2365	85.4404	85.6469	85.8556	86.0589	86.2631	86.4658	86.6657	86.8733	87.0808	87.2896	87.4948	87.6984	87.8956	88.0952	88.2993	88.5096	88.7076	88.9125	89.1115	89.3159	89.5231	89.7271	89.9308	90.1305	90.3337	90.5352	90.7398	90.9495	91.1551	91.3577	91.5634	91.7682	91.9738	92.182	92.3861	92.5901	92.7987	93.0036	93.2064	93.4166	93.6183	93.8323	94.0398
70	F10	naglu	SYBR	70.1418	70.3353	70.5417	70.7458	70.9529	71.1658	71.3755	71.5823	71.7853	71.9953	72.2001	72.4047	72.6096	72.8153	73.0245	73.224	73.4349	73.6334	73.8394	74.0444	74.2457	74.4486	74.6522	74.8575	75.0598	75.2644	75.4646	75.666	75.8636	76.0687	76.2699	76.4712	76.6726	76.8751	77.0831	77.2886	77.4905	77.6996	77.9054	78.1126	78.3172	78.5189	78.7251	78.9312	79.1343	79.3398	79.5437	79.7452	79.9549	80.1602	80.3634	80.5692	80.7685	80.9716	81.1723	81.3775	81.5862	81.7877	81.9929	82.1962	82.3981	82.5975	82.801	83.0002	83.2099	83.4146	83.6148	83.8168	84.0223	84.2271	84.4323	84.6396	84.8422	85.0408	85.2479	85.4518	85.6583	85.867	86.0703	86.2745	86.4772	86.6771	86.8847	87.0922	87.3011	87.5062	87.7098	87.907	88.1066	88.3107	88.521	88.719	88.9239	89.1229	89.3273	89.5345	89.7385	89.9422	90.1419	90.3451	90.5466	90.7512	90.9609	91.1665	91.3691	91.5748	91.7796	91.9852	92.1934	92.3975	92.6015	92.8101	93.015	93.2178	93.428	93.6297	93.8437	94.0512
71	F11	naglu	SYBR	70.1555	70.3502	70.5518	70.7583	70.9685	71.1767	71.3852	71.5906	71.7959	72.0098	72.2129	72.4176	72.6235	72.8272	73.0344	73.2358	73.4436	73.6424	73.8478	74.0558	74.2574	74.4572	74.6627	74.8651	75.07	75.2736	75.4721	75.6729	75.8758	76.0782	76.2788	76.4771	76.682	76.884	77.0907	77.2962	77.4985	77.7053	77.912	78.1183	78.3248	78.5231	78.7299	78.9361	79.14	79.3426	79.5475	79.7496	79.9624	80.1643	80.3699	80.5758	80.772	80.9758	81.1769	81.3829	81.5909	81.7885	81.9986	82.2015	82.4026	82.5992	82.801	83.0041	83.2126	83.4191	83.6196	83.8197	84.0259	84.2316	84.4382	84.643	84.8442	85.0452	85.2505	85.4546	85.6585	85.8686	86.0704	86.2746	86.4784	86.677	86.8831	87.0903	87.3018	87.5063	87.7089	87.911	88.1128	88.3136	88.5202	88.7199	88.9242	89.1275	89.3256	89.5313	89.7398	89.938	90.14	90.3449	90.5491	90.7544	90.961	91.1701	91.3718	91.5762	91.7808	91.9834	92.19	92.3991	92.6	92.8079	93.0122	93.2182	93.4265	93.6315	93.8405	94.0513
72	F12	naglu	SYBR	70.1675	70.3622	70.5638	70.7703	70.9805	71.1887	71.3972	71.6026	71.8079	72.0218	72.2249	72.4296	72.6355	72.8392	73.0464	73.2478	73.4556	73.6544	73.8598	74.0678	74.2694	74.4692	74.6747	74.8771	75.082	75.2856	75.4841	75.6849	75.8878	76.0902	76.2908	76.4891	76.694	76.896	77.1027	77.3082	77.5105	77.7173	77.924	78.1303	78.3368	78.5351	78.7419	78.9481	79.152	79.3546	79.5595	79.7616	79.9744	80.1763	80.3819	80.5878	80.784	80.9878	81.1889	81.3949	81.6029	81.8005	82.0106	82.2135	82.4146	82.6112	82.813	83.0161	83.2246	83.4311	83.6316	83.8317	84.0379	84.2436	84.4502	84.655	84.8562	85.0572	85.2625	85.4666	85.6705	85.8806	86.0824	86.2866	86.4904	86.689	86.8951	87.1023	87.3138	87.5183	87.7209	87.923	88.1248	88.3256	88.5322	88.7319	88.9362	89.1395	89.3376	89.5433	89.7518	89.95	90.152	90.3569	90.5611	90.7664	90.973	91.1821	91.3838	91.5882	91.7928	91.9954	92.202	92.4111	92.612	92.8199	93.0242	93.2302	93.4385	93.6435	93.8525	94.0633
73	G1	naglu	SYBR	70.0114	70.199	70.4024	70.608	70.8178	71.0267	71.235	71.441	71.6476	71.8593	72.0636	72.267	72.4747	72.6763	72.8837	73.089	73.2971	73.4958	73.6993	73.9051	74.1065	74.3076	74.5116	74.7122	74.918	75.1207	75.3202	75.5237	75.724	75.9269	76.1283	76.328	76.5334	76.732	76.9435	77.1477	77.3513	77.5563	77.7627	77.9688	78.1733	78.374	78.58	78.788	78.9925	79.1956	79.4013	79.6024	79.8115	80.0163	80.2197	80.4256	80.6234	80.8271	81.0305	81.232	81.4405	81.6401	81.8464	82.0509	82.2522	82.4511	82.653	82.8561	83.0631	83.2677	83.4672	83.6725	83.8772	84.0842	84.2875	84.4943	84.6953	84.8942	85.0997	85.3048	85.511	85.7214	85.92	86.1264	86.3264	86.5271	86.7324	86.9405	87.1521	87.3568	87.5592	87.7575	87.9589	88.1628	88.3675	88.5717	88.7748	88.9741	89.1801	89.3856	89.5894	89.792	89.9923	90.1969	90.3977	90.6042	90.8125	91.0191	91.2205	91.4285	91.6304	91.8324	92.0443	92.247	92.4518	92.6599	92.86	93.0671	93.276	93.4793	93.6897	93.8997
74	G2	naglu	SYBR	70.022	70.2096	70.413	70.6186	70.8284	71.0373	71.2456	71.4516	71.6582	71.8699	72.0742	72.2776	72.4853	72.6869	72.8943	73.0996	73.3077	73.5064	73.7099	73.9157	74.1171	74.3182	74.5222	74.7228	74.9286	75.1313	75.3308	75.5343	75.7346	75.9375	76.1389	76.3386	76.544	76.7426	76.9541	77.1583	77.3619	77.5669	77.7733	77.9794	78.1839	78.3846	78.5906	78.7986	79.0031	79.2062	79.4119	79.613	79.8221	80.0269	80.2303	80.4362	80.634	80.8377	81.0411	81.2426	81.4511	81.6507	81.857	82.0615	82.2628	82.4617	82.6636	82.8667	83.0737	83.2783	83.4778	83.6831	83.8878	84.0948	84.2981	84.5049	84.7059	84.9048	85.1103	85.3154	85.5216	85.732	85.9306	86.137	86.337	86.5377	86.743	86.9511	87.1627	87.3674	87.5698	87.7681	87.9695	88.1734	88.3781	88.5823	88.7854	88.9847	89.1907	89.3962	89.6	89.8026	90.0029	90.2075	90.4083	90.6148	90.8231	91.0297	91.2311	91.4391	91.641	91.843	92.0549	92.2576	92.4624	92.6705	92.8706	93.0777	93.2866	93.4899	93.7003	93.9103
75	G3	naglu	SYBR	70.0384	70.2259	70.4331	70.6372	70.8443	71.0552	71.2666	71.4733	71.6764	71.8892	72.0946	72.2974	72.504	72.7075	72.9171	73.1188	73.3266	73.5285	73.7313	73.9361	74.1349	74.339	74.5435	74.7487	74.954	75.1563	75.3555	75.5596	75.7601	75.9617	76.1635	76.3622	76.5659	76.7702	76.9769	77.1811	77.3856	77.5937	77.799	78.0075	78.2087	78.4114	78.6197	78.8237	79.0266	79.2316	79.438	79.6417	79.8496	80.0528	80.2587	80.4665	80.6629	80.864	81.069	81.2715	81.4809	81.6803	81.886	82.0917	82.2935	82.4923	82.6946	82.8976	83.1048	83.3091	83.5094	83.7123	83.9197	84.126	84.3304	84.5378	84.7399	84.9382	85.1415	85.3509	85.5569	85.7657	85.9659	86.1726	86.3742	86.5705	86.7779	86.9866	87.1966	87.4005	87.6031	87.8051	88.0044	88.2077	88.4137	88.6152	88.8188	89.0207	89.2254	89.4297	89.6357	89.8351	90.0368	90.2422	90.4444	90.6513	90.8592	91.0694	91.2689	91.4749	91.6788	91.8806	92.0897	92.2958	92.4995	92.7091	92.9094	93.1157	93.3254	93.5275	93.7428	93.95
76	G4	naglu	SYBR	70.0485	70.236	70.4432	70.6473	70.8544	71.0653	71.2767	71.4834	71.6865	71.8993	72.1047	72.3075	72.5141	72.7176	72.9272	73.1289	73.3367	73.5386	73.7414	73.9462	74.145	74.3491	74.5536	74.7588	74.9641	75.1664	75.3656	75.5697	75.7702	75.9718	76.1736	76.3723	76.576	76.7803	76.987	77.1912	77.3957	77.6038	77.8091	78.0176	78.2188	78.4215	78.6298	78.8338	79.0367	79.2417	79.4481	79.6518	79.8597	80.0629	80.2688	80.4766	80.673	80.8741	81.0791	81.2816	81.491	81.6904	81.8961	82.1018	82.3036	82.5024	82.7047	82.9077	83.1149	83.3192	83.5195	83.7224	83.9298	84.1361	84.3405	84.5479	84.75	84.9483	85.1516	85.361	85.567	85.7758	85.976	86.1827	86.3843	86.5806	86.788	86.9967	87.2067	87.4106	87.6132	87.8152	88.0145	88.2178	88.4238	88.6253	88.8289	89.0308	89.2355	89.4398	89.6458	89.8452	90.0469	90.2523	90.4545	90.6614	90.8693	91.0795	91.279	91.485	91.6889	91.8907	92.0998	92.3059	92.5096	92.7192	92.9195	93.1258	93.3355	93.5376	93.7529	93.9601
77	G5	naglu	SYBR	70.0614	70.2544	70.4594	70.6637	70.8725	71.0831	71.2913	71.4977	71.7035	71.9138	72.1178	72.3226	72.5303	72.7336	72.9432	73.1449	73.3537	73.5527	73.7586	73.9619	74.1637	74.3647	74.5695	74.7732	74.9778	75.182	75.3802	75.581	75.7833	75.9858	76.1895	76.3891	76.5932	76.7939	77.0025	77.2025	77.4109	77.6172	77.8253	78.0341	78.2381	78.4361	78.6451	78.851	79.0545	79.2577	79.4629	79.6646	79.8738	80.0772	80.2826	80.4921	80.687	80.8895	81.0939	81.2971	81.5027	81.7048	81.9089	82.1173	82.3155	82.5167	82.7188	82.9223	83.1291	83.3355	83.537	83.7386	83.9434	84.15	84.3551	84.5625	84.7616	84.964	85.167	85.3729	85.5799	85.7892	85.9912	86.1955	86.3982	86.5952	86.8034	87.0136	87.2222	87.4276	87.63	87.8314	88.031	88.2348	88.441	88.6401	88.8455	89.0446	89.2499	89.4549	89.6594	89.8612	90.0624	90.2678	90.4713	90.6766	90.8867	91.093	91.292	91.4978	91.7033	91.908	92.1153	92.3202	92.5235	92.7311	92.9318	93.1429	93.3453	93.5526	93.7642	93.9726
78	G6	naglu	SYBR	70.0714	70.2644	70.4694	70.6737	70.8825	71.0931	71.3013	71.5077	71.7135	71.9238	72.1278	72.3326	72.5403	72.7436	72.9532	73.1549	73.3637	73.5627	73.7686	73.9719	74.1737	74.3746	74.5795	74.7831	74.9878	75.192	75.3902	75.591	75.7933	75.9958	76.1995	76.3991	76.6031	76.8039	77.0125	77.2125	77.4209	77.6272	77.8353	78.0441	78.2481	78.4461	78.6551	78.861	79.0645	79.2677	79.4729	79.6746	79.8838	80.0872	80.2925	80.5021	80.697	80.8995	81.1039	81.3071	81.5126	81.7148	81.9189	82.1273	82.3255	82.5266	82.7288	82.9323	83.1391	83.3455	83.547	83.7486	83.9534	84.16	84.3651	84.5725	84.7716	84.974	85.177	85.3829	85.5899	85.7992	86.0012	86.2055	86.4081	86.6052	86.8134	87.0236	87.2322	87.4376	87.64	87.8414	88.041	88.2448	88.451	88.6501	88.8555	89.0546	89.2598	89.4649	89.6693	89.8712	90.0723	90.2778	90.4813	90.6866	90.8967	91.103	91.302	91.5078	91.7132	91.918	92.1253	92.3302	92.5335	92.7411	92.9417	93.1529	93.3553	93.5626	93.7742	93.9826
79	G7	naglu	SYBR	70.1007	70.2918	70.4966	70.6985	70.91	71.12	71.3274	71.534	71.7367	71.9459	72.1494	72.357	72.5616	72.7659	72.9758	73.1763	73.3836	73.5821	73.7878	73.9897	74.1902	74.391	74.5998	74.8058	75.0069	75.2099	75.4066	75.6122	75.8129	76.013	76.2152	76.4145	76.6167	76.8187	77.0262	77.2305	77.4354	77.641	77.8453	78.051	78.2557	78.4585	78.6637	78.8715	79.0757	79.2779	79.4833	79.6879	79.8935	80.0972	80.3026	80.5099	80.7072	80.9076	81.1106	81.3124	81.5205	81.7208	81.9271	82.1312	82.3356	82.5328	82.7342	82.9367	83.1441	83.3487	83.5505	83.751	83.9562	84.1601	84.3647	84.5721	84.7744	84.9712	85.1806	85.3845	85.5896	85.7985	85.9993	86.2031	86.4058	86.6048	86.8104	87.0187	87.2278	87.4338	87.6346	87.8325	88.0347	88.2371	88.4436	88.6436	88.8497	89.0484	89.2527	89.4552	89.6618	89.8642	90.0659	90.2675	90.47	90.6752	90.8839	91.0901	91.2938	91.4986	91.7029	91.903	92.1132	92.3158	92.5229	92.7289	92.9317	93.1356	93.3418	93.5483	93.7602	93.9669
80	G8	naglu	SYBR	70.1106	70.3018	70.5066	70.7085	70.92	71.13	71.3373	71.544	71.7467	71.9558	72.1593	72.367	72.5715	72.7758	72.9857	73.1862	73.3936	73.592	73.7978	73.9996	74.2001	74.4009	74.6097	74.8158	75.0169	75.2198	75.4165	75.6222	75.8229	76.0229	76.2252	76.4245	76.6266	76.8287	77.0361	77.2404	77.4454	77.6509	77.8552	78.061	78.2656	78.4685	78.6737	78.8815	79.0856	79.2878	79.4932	79.6979	79.9035	80.1072	80.3126	80.5199	80.7171	80.9175	81.1206	81.3223	81.5304	81.7308	81.937	82.1412	82.3456	82.5427	82.7441	82.9466	83.1541	83.3587	83.5604	83.7609	83.9661	84.1701	84.3746	84.5821	84.7843	84.9811	85.1906	85.3945	85.5995	85.8084	86.0093	86.2131	86.4157	86.6148	86.8204	87.0286	87.2378	87.4437	87.6446	87.8425	88.0447	88.247	88.4536	88.6535	88.8596	89.0583	89.2626	89.4651	89.6718	89.8742	90.0759	90.2775	90.4799	90.6852	90.8939	91.1001	91.3037	91.5086	91.7129	91.9129	92.1232	92.3258	92.5329	92.7389	92.9417	93.1456	93.3518	93.5583	93.7701	93.9769
81	G9	naglu	SYBR	70.131	70.3245	70.5309	70.735	70.9421	71.155	71.3647	71.5715	71.7745	71.9845	72.1893	72.3939	72.5988	72.8045	73.0137	73.2132	73.4241	73.6226	73.8286	74.0336	74.2349	74.4378	74.6414	74.8467	75.049	75.2536	75.4538	75.6552	75.8528	76.0579	76.2591	76.4604	76.6618	76.8643	77.0723	77.2778	77.4797	77.6888	77.8946	78.1018	78.3064	78.5081	78.7143	78.9204	79.1235	79.329	79.5329	79.7344	79.9441	80.1494	80.3526	80.5584	80.7577	80.9608	81.1615	81.3667	81.5754	81.7769	81.9821	82.1854	82.3873	82.5867	82.7902	82.9894	83.1991	83.4038	83.604	83.806	84.0115	84.2163	84.4215	84.6288	84.8314	85.03	85.2371	85.441	85.6475	85.8562	86.0595	86.2637	86.4664	86.6663	86.8739	87.0814	87.2903	87.4954	87.699	87.8962	88.0958	88.2999	88.5102	88.7082	88.9131	89.1121	89.3165	89.5237	89.7277	89.9314	90.1311	90.3343	90.5358	90.7404	90.9501	91.1557	91.3583	91.564	91.7688	91.9744	92.1826	92.3867	92.5907	92.7993	93.0042	93.207	93.4172	93.6189	93.8329	94.0404
82	G10	naglu	SYBR	70.1411	70.3346	70.541	70.7451	70.9522	71.1651	71.3748	71.5816	71.7846	71.9946	72.1994	72.404	72.6089	72.8146	73.0238	73.2233	73.4342	73.6327	73.8387	74.0437	74.245	74.4479	74.6515	74.8568	75.0591	75.2637	75.4639	75.6653	75.8629	76.068	76.2692	76.4705	76.6719	76.8744	77.0824	77.2879	77.4898	77.6989	77.9047	78.1119	78.3165	78.5182	78.7244	78.9305	79.1336	79.3391	79.543	79.7445	79.9542	80.1595	80.3627	80.5685	80.7678	80.9709	81.1716	81.3768	81.5855	81.787	81.9922	82.1955	82.3974	82.5968	82.8003	82.9995	83.2092	83.4139	83.6141	83.8161	84.0216	84.2264	84.4316	84.6389	84.8415	85.0401	85.2472	85.4511	85.6576	85.8663	86.0696	86.2738	86.4765	86.6764	86.884	87.0915	87.3004	87.5055	87.7091	87.9063	88.1059	88.31	88.5203	88.7183	88.9232	89.1222	89.3266	89.5338	89.7378	89.9415	90.1412	90.3444	90.5459	90.7505	90.9602	91.1658	91.3684	91.5741	91.7789	91.9845	92.1927	92.3968	92.6008	92.8094	93.0143	93.2171	93.4273	93.629	93.843	94.0505
83	G11	naglu	SYBR	70.1562	70.3509	70.5525	70.759	70.9692	71.1774	71.3859	71.5913	71.7966	72.0105	72.2136	72.4183	72.6242	72.8279	73.0351	73.2365	73.4443	73.6431	73.8485	74.0565	74.2581	74.4579	74.6634	74.8658	75.0707	75.2743	75.4728	75.6736	75.8765	76.0789	76.2795	76.4778	76.6827	76.8847	77.0914	77.2969	77.4992	77.706	77.9127	78.119	78.3255	78.5238	78.7306	78.9368	79.1407	79.3433	79.5482	79.7503	79.9631	80.165	80.3706	80.5765	80.7727	80.9765	81.1776	81.3836	81.5916	81.7892	81.9993	82.2022	82.4033	82.5999	82.8017	83.0048	83.2133	83.4198	83.6203	83.8204	84.0266	84.2323	84.4389	84.6437	84.8449	85.0459	85.2512	85.4553	85.6592	85.8693	86.0711	86.2753	86.4791	86.6777	86.8838	87.091	87.3025	87.507	87.7096	87.9117	88.1135	88.3143	88.5209	88.7206	88.9249	89.1282	89.3263	89.532	89.7405	89.9387	90.1407	90.3456	90.5498	90.7551	90.9617	91.1708	91.3725	91.5769	91.7815	91.9841	92.1907	92.3998	92.6007	92.8086	93.0129	93.2189	93.4272	93.6322	93.8412	94.052
84	G12	naglu	SYBR	70.1668	70.3615	70.5631	70.7696	70.9798	71.188	71.3965	71.6019	71.8072	72.0211	72.2242	72.4289	72.6348	72.8385	73.0457	73.2471	73.4549	73.6537	73.8591	74.0671	74.2687	74.4685	74.674	74.8764	75.0813	75.2849	75.4834	75.6842	75.8871	76.0895	76.2901	76.4884	76.6933	76.8953	77.102	77.3075	77.5098	77.7166	77.9233	78.1296	78.3361	78.5344	78.7412	78.9474	79.1513	79.3539	79.5588	79.7609	79.9737	80.1756	80.3812	80.5871	80.7833	80.9871	81.1882	81.3942	81.6022	81.7998	82.0099	82.2128	82.4139	82.6105	82.8123	83.0154	83.2239	83.4304	83.6309	83.831	84.0372	84.2429	84.4495	84.6543	84.8555	85.0565	85.2618	85.4659	85.6698	85.8799	86.0817	86.2859	86.4897	86.6883	86.8944	87.1016	87.3131	87.5176	87.7202	87.9223	88.1241	88.3249	88.5315	88.7312	88.9355	89.1388	89.3369	89.5426	89.7511	89.9493	90.1513	90.3562	90.5604	90.7657	90.9723	91.1814	91.3831	91.5875	91.7921	91.9947	92.2013	92.4104	92.6113	92.8192	93.0235	93.2295	93.4378	93.6428	93.8518	94.0626
85	H1	naglu	SYBR	70.0121	70.1997	70.4031	70.6087	70.8185	71.0274	71.2357	71.4417	71.6483	71.86	72.0643	72.2677	72.4754	72.677	72.8844	73.0897	73.2978	73.4965	73.7	73.9058	74.1072	74.3083	74.5123	74.7129	74.9187	75.1214	75.3209	75.5244	75.7247	75.9276	76.129	76.3287	76.5341	76.7327	76.9442	77.1484	77.352	77.557	77.7634	77.9695	78.174	78.3747	78.5807	78.7887	78.9932	79.1963	79.402	79.6031	79.8122	80.017	80.2204	80.4263	80.6241	80.8278	81.0312	81.2327	81.4412	81.6408	81.8471	82.0516	82.2529	82.4518	82.6537	82.8568	83.0638	83.2684	83.4679	83.6732	83.8779	84.0849	84.2882	84.495	84.696	84.8949	85.1004	85.3055	85.5117	85.7221	85.9207	86.1271	86.3271	86.5278	86.7331	86.9412	87.1528	87.3575	87.5599	87.7582	87.9596	88.1635	88.3682	88.5724	88.7755	88.9748	89.1808	89.3863	89.5901	89.7927	89.993	90.1976	90.3984	90.6049	90.8132	91.0198	91.2212	91.4292	91.6311	91.8331	92.045	92.2477	92.4525	92.6606	92.8607	93.0678	93.2767	93.48	93.6904	93.9004
86	H2	naglu	SYBR	70.0212	70.2088	70.4122	70.6178	70.8276	71.0365	71.2448	71.4508	71.6574	71.8691	72.0734	72.2768	72.4845	72.6861	72.8935	73.0988	73.3069	73.5056	73.7091	73.9149	74.1163	74.3174	74.5214	74.722	74.9278	75.1305	75.33	75.5335	75.7338	75.9367	76.1381	76.3378	76.5432	76.7418	76.9533	77.1575	77.3611	77.5661	77.7725	77.9786	78.1831	78.3838	78.5898	78.7978	79.0023	79.2054	79.4111	79.6122	79.8213	80.0261	80.2295	80.4354	80.6332	80.8369	81.0403	81.2418	81.4503	81.6499	81.8562	82.0607	82.262	82.4609	82.6628	82.8659	83.0729	83.2775	83.477	83.6823	83.887	84.094	84.2973	84.5041	84.7051	84.904	85.1095	85.3146	85.5208	85.7312	85.9298	86.1362	86.3362	86.5369	86.7422	86.9503	87.1619	87.3666	87.569	87.7673	87.9687	88.1726	88.3773	88.5815	88.7846	88.9839	89.1899	89.3954	89.5992	89.8018	90.0021	90.2067	90.4075	90.614	90.8223	91.0289	91.2303	91.4383	91.6402	91.8422	92.0541	92.2568	92.4616	92.6697	92.8698	93.0769	93.2858	93.4891	93.6995	93.9095
87	H3	naglu	SYBR	70.0391	70.2266	70.4338	70.6379	70.845	71.0559	71.2673	71.474	71.6771	71.8899	72.0953	72.2981	72.5047	72.7082	72.9178	73.1195	73.3273	73.5292	73.732	73.9368	74.1356	74.3397	74.5442	74.7494	74.9547	75.157	75.3562	75.5603	75.7608	75.9624	76.1642	76.3629	76.5666	76.7709	76.9776	77.1818	77.3863	77.5944	77.7997	78.0082	78.2094	78.4121	78.6204	78.8244	79.0273	79.2323	79.4387	79.6424	79.8503	80.0535	80.2594	80.4672	80.6636	80.8647	81.0697	81.2722	81.4816	81.681	81.8867	82.0924	82.2942	82.493	82.6953	82.8983	83.1055	83.3098	83.5101	83.713	83.9204	84.1267	84.3311	84.5385	84.7406	84.9389	85.1422	85.3516	85.5576	85.7664	85.9666	86.1733	86.3749	86.5712	86.7786	86.9873	87.1973	87.4012	87.6038	87.8058	88.0051	88.2084	88.4144	88.6159	88.8195	89.0214	89.2261	89.4304	89.6364	89.8358	90.0375	90.2429	90.4451	90.652	90.8599	91.0701	91.2696	91.4756	91.6795	91.8813	92.0904	92.2965	92.5002	92.7098	92.9101	93.1164	93.3261	93.5282	93.7435	93.9507
88	H4	naglu	SYBR	70.0477	70.2352	70.4424	70.6465	70.8536	71.0645	71.2759	71.4826	71.6857	71.8985	72.1039	72.3067	72.5133	72.7168	72.9264	73.1281	73.3359	73.5378	73.7406	73.9454	74.1442	74.3483	74.5528	74.758	74.9633	75.1656	75.3648	75.5689	75.7694	75.971	76.1728	76.3715	76.5752	76.7795	76.9862	77.1904	77.3949	77.603	77.8083	78.0168	78.218	78.4207	78.629	78.833	79.0359	79.2409	79.4473	79.651	79.8589	80.0621	80.268	80.4758	80.6722	80.8733	81.0783	81.2808	81.4902	81.6896	81.8953	82.101	82.3028	82.5016	82.7039	82.9069	83.1141	83.3184	83.5187	83.7216	83.929	84.1353	84.3397	84.5471	84.7492	84.9475	85.1508	85.3602	85.5662	85.775	85.9752	86.1819	86.3835	86.5798	86.7872	86.9959	87.2059	87.4098	87.6124	87.8144	88.0137	88.217	88.423	88.6245	88.8281	89.03	89.2347	89.439	89.645	89.8444	90.0461	90.2515	90.4537	90.6606	90.8685	91.0787	91.2782	91.4842	91.6881	91.8899	92.099	92.3051	92.5088	92.7184	92.9187	93.125	93.3347	93.5368	93.7521	93.9593
89	H5	naglu	SYBR	70.0622	70.2552	70.4602	70.6645	70.8733	71.0839	71.2921	71.4985	71.7043	71.9146	72.1186	72.3234	72.5311	72.7344	72.944	73.1457	73.3545	73.5535	73.7594	73.9627	74.1645	74.3655	74.5703	74.774	74.9786	75.1828	75.381	75.5818	75.7841	75.9866	76.1903	76.3899	76.594	76.7947	77.0033	77.2033	77.4117	77.618	77.8261	78.0349	78.2389	78.4369	78.6459	78.8518	79.0553	79.2585	79.4637	79.6654	79.8746	80.078	80.2834	80.4929	80.6878	80.8903	81.0947	81.2979	81.5035	81.7056	81.9097	82.1181	82.3163	82.5175	82.7196	82.9231	83.1299	83.3363	83.5378	83.7394	83.9442	84.1508	84.3559	84.5633	84.7624	84.9648	85.1678	85.3737	85.5807	85.79	85.992	86.1963	86.399	86.596	86.8042	87.0144	87.223	87.4284	87.6308	87.8322	88.0318	88.2356	88.4418	88.6409	88.8463	89.0454	89.2507	89.4557	89.6602	89.862	90.0632	90.2686	90.4721	90.6774	90.8875	91.0938	91.2928	91.4986	91.7041	91.9088	92.1161	92.321	92.5243	92.7319	92.9326	93.1437	93.3461	93.5534	93.765	93.9734
90	H6	naglu	SYBR	70.0706	70.2636	70.4686	70.6729	70.8817	71.0923	71.3005	71.5069	71.7127	71.923	72.127	72.3318	72.5395	72.7428	72.9524	73.1541	73.3629	73.5619	73.7678	73.9711	74.1729	74.3739	74.5787	74.7824	74.987	75.1912	75.3894	75.5902	75.7925	75.995	76.1987	76.3983	76.6024	76.8031	77.0117	77.2117	77.4201	77.6264	77.8345	78.0433	78.2473	78.4453	78.6543	78.8602	79.0637	79.2669	79.4721	79.6738	79.883	80.0864	80.2918	80.5013	80.6962	80.8987	81.1031	81.3063	81.5119	81.714	81.9181	82.1265	82.3247	82.5259	82.728	82.9315	83.1383	83.3447	83.5462	83.7478	83.9526	84.1592	84.3643	84.5717	84.7708	84.9732	85.1762	85.3821	85.5891	85.7984	86.0004	86.2047	86.4074	86.6044	86.8126	87.0228	87.2314	87.4368	87.6392	87.8406	88.0402	88.244	88.4502	88.6493	88.8547	89.0538	89.2591	89.4641	89.6686	89.8704	90.0716	90.277	90.4805	90.6858	90.8959	91.1022	91.3012	91.507	91.7125	91.9172	92.1245	92.3294	92.5327	92.7403	92.941	93.1521	93.3545	93.5618	93.7734	93.9818
91	H7	naglu	SYBR	70.1015	70.2926	70.4974	70.6993	70.9108	71.1208	71.3282	71.5348	71.7375	71.9467	72.1502	72.3578	72.5624	72.7667	72.9766	73.1771	73.3844	73.5829	73.7886	73.9905	74.191	74.3918	74.6006	74.8066	75.0077	75.2107	75.4074	75.613	75.8137	76.0138	76.216	76.4153	76.6175	76.8195	77.027	77.2313	77.4362	77.6418	77.8461	78.0518	78.2565	78.4593	78.6645	78.8723	79.0765	79.2787	79.4841	79.6887	79.8943	80.098	80.3034	80.5107	80.708	80.9084	81.1114	81.3132	81.5213	81.7216	81.9279	82.132	82.3364	82.5336	82.735	82.9375	83.1449	83.3495	83.5513	83.7518	83.957	84.1609	84.3655	84.5729	84.7752	84.972	85.1814	85.3853	85.5904	85.7993	86.0001	86.2039	86.4066	86.6056	86.8112	87.0195	87.2286	87.4346	87.6354	87.8333	88.0355	88.2379	88.4444	88.6444	88.8505	89.0492	89.2535	89.456	89.6626	89.865	90.0667	90.2683	90.4708	90.676	90.8847	91.0909	91.2946	91.4994	91.7037	91.9038	92.114	92.3166	92.5237	92.7297	92.9325	93.1364	93.3426	93.5491	93.761	93.9677
92	H8	naglu	SYBR	70.1099	70.301	70.5058	70.7077	70.9192	71.1292	71.3366	71.5432	71.7459	71.9551	72.1586	72.3662	72.5708	72.7751	72.985	73.1855	73.3928	73.5913	73.797	73.9989	74.1994	74.4002	74.609	74.815	75.0161	75.2191	75.4158	75.6214	75.8221	76.0222	76.2244	76.4237	76.6259	76.8279	77.0354	77.2397	77.4446	77.6502	77.8545	78.0602	78.2649	78.4677	78.6729	78.8807	79.0849	79.2871	79.4925	79.6971	79.9027	80.1064	80.3118	80.5191	80.7164	80.9168	81.1198	81.3216	81.5297	81.73	81.9363	82.1404	82.3448	82.542	82.7434	82.9459	83.1533	83.3579	83.5597	83.7602	83.9654	84.1693	84.3739	84.5813	84.7836	84.9804	85.1898	85.3937	85.5988	85.8077	86.0085	86.2123	86.415	86.614	86.8196	87.0279	87.237	87.443	87.6438	87.8417	88.0439	88.2463	88.4528	88.6528	88.8589	89.0576	89.2619	89.4644	89.671	89.8734	90.0751	90.2767	90.4792	90.6844	90.8931	91.0993	91.303	91.5078	91.7121	91.9122	92.1224	92.325	92.5321	92.7381	92.9409	93.1448	93.351	93.5575	93.7694	93.9761
93	H9	naglu	SYBR	70.1318	70.3253	70.5317	70.7358	70.9429	71.1558	71.3655	71.5723	71.7753	71.9853	72.1901	72.3947	72.5996	72.8053	73.0145	73.214	73.4249	73.6234	73.8294	74.0344	74.2357	74.4386	74.6422	74.8475	75.0498	75.2544	75.4546	75.656	75.8536	76.0587	76.2599	76.4612	76.6626	76.8651	77.0731	77.2786	77.4805	77.6896	77.8954	78.1026	78.3072	78.5089	78.7151	78.9212	79.1243	79.3298	79.5337	79.7352	79.9449	80.1502	80.3534	80.5592	80.7585	80.9616	81.1623	81.3675	81.5762	81.7777	81.9829	82.1862	82.3881	82.5875	82.791	82.9902	83.1999	83.4046	83.6048	83.8068	84.0123	84.2171	84.4223	84.6296	84.8322	85.0308	85.2379	85.4418	85.6483	85.857	86.0603	86.2645	86.4672	86.6671	86.8747	87.0822	87.2911	87.4962	87.6998	87.897	88.0966	88.3007	88.511	88.709	88.9139	89.1129	89.3173	89.5245	89.7285	89.9322	90.1319	90.3351	90.5366	90.7412	90.9509	91.1565	91.3591	91.5648	91.7696	91.9752	92.1834	92.3875	92.5915	92.8001	93.005	93.2078	93.418	93.6197	93.8337	94.0412
94	H10	naglu	SYBR	70.1404	70.3339	70.5403	70.7444	70.9515	71.1644	71.3741	71.5809	71.7839	71.9939	72.1987	72.4033	72.6082	72.8139	73.0231	73.2226	73.4335	73.632	73.838	74.043	74.2443	74.4472	74.6508	74.8561	75.0584	75.263	75.4632	75.6646	75.8622	76.0673	76.2685	76.4698	76.6712	76.8737	77.0817	77.2872	77.4891	77.6982	77.904	78.1112	78.3158	78.5175	78.7237	78.9298	79.1329	79.3384	79.5423	79.7438	79.9535	80.1588	80.362	80.5678	80.7671	80.9702	81.1709	81.3761	81.5848	81.7863	81.9915	82.1948	82.3967	82.5961	82.7996	82.9988	83.2085	83.4132	83.6134	83.8154	84.0209	84.2257	84.4309	84.6382	84.8408	85.0394	85.2465	85.4504	85.6569	85.8656	86.0689	86.2731	86.4758	86.6757	86.8833	87.0908	87.2997	87.5048	87.7084	87.9056	88.1052	88.3093	88.5196	88.7176	88.9225	89.1215	89.3259	89.5331	89.7371	89.9408	90.1405	90.3437	90.5452	90.7498	90.9595	91.1651	91.3677	91.5734	91.7782	91.9838	92.192	92.3961	92.6001	92.8087	93.0136	93.2164	93.4266	93.6283	93.8423	94.0498
95	H11	naglu	SYBR	70.157	70.3517	70.5533	70.7598	70.97	71.1782	71.3867	71.5921	71.7974	72.0113	72.2144	72.4191	72.625	72.8287	73.0359	73.2373	73.4451	73.6439	73.8493	74.0573	74.2589	74.4587	74.6642	74.8666	75.0715	75.2751	75.4736	75.6744	75.8773	76.0797	76.2803	76.4786	76.6835	76.8855	77.0922	77.2977	77.5	77.7068	77.9135	78.1198	78.3263	78.5246	78.7314	78.9376	79.1415	79.3441	79.549	79.7511	79.9639	80.1658	80.3714	80.5773	80.7735	80.9773	81.1784	81.3844	81.5924	81.79	82.0001	82.203	82.4041	82.6007	82.8025	83.0056	83.2141	83.4206	83.6211	83.8212	84.0274	84.2331	84.4397	84.6445	84.8457	85.0467	85.252	85.4561	85.66	85.8701	86.0719	86.2761	86.4799	86.6785	86.8846	87.0918	87.3033	87.5078	87.7104	87.9125	88.1143	88.3151	88.5217	88.7214	88.9257	89.129	89.3271	89.5328	89.7413	89.9395	90.1415	90.3464	90.5506	90.7559	90.9625	91.1716	91.3733	91.5777	91.7823	91.9849	92.1915	92.4006	92.6015	92.8094	93.0137	93.2197	93.428	93.633	93.842	94.0528
96	H12	naglu	SYBR	70.1661	70.3608	70.5624	70.7689	70.9791	71.1873	71.3958	71.6012	71.8065	72.0204	72.2235	72.4282	72.6341	72.8378	73.045	73.2464	73.4542	73.653	73.8584	74.0664	74.268	74.4678	74.6733	74.8757	75.0806	75.2842	75.4827	75.6835	75.8864	76.0888	76.2894	76.4877	76.6926	76.8946	77.1013	77.3068	77.5091	77.7159	77.9226	78.1289	78.3354	78.5337	78.7405	78.9467	79.1506	79.3532	79.5581	79.7602	79.973	80.1749	80.3805	80.5864	80.7826	80.9864	81.1875	81.3935	81.6015	81.7991	82.0092	82.2121	82.4132	82.6098	82.8116	83.0147	83.2232	83.4297	83.6302	83.8303	84.0365	84.2422	84.4488	84.6536	84.8548	85.0558	85.2611	85.4652	85.6691	85.8792	86.081	86.2852	86.489	86.6876	86.8937	87.1009	87.3124	87.5169	87.7195	87.9216	88.1234	88.3242	88.5308	88.7305	88.9348	89.1381	89.3362	89.5419	89.7504	89.9486	90.1506	90.3555	90.5597	90.765	90.9716	91.1807	91.3824	91.5868	91.7914	91.994	92.2006	92.4097	92.6106	92.8185	93.0228	93.2288	93.4371	93.6421	93.8511	94.0619
